48532
65377
42122
7940
34650
17950
47998
65472
35601
36062
17336
29231
28585
63417
7321
37539
62555
1159
54503
13917
1450
55034
3068
49771
20515
60364
11421
42029
1930
1828
7522
48571
19224
45245
63609
58823
13051
19965
23091
53672
55436
42441
42371
56203
47903
43946
50934
59174
24268
7467
3704
36014
64622
25772
38032
25318
49868
39878
13638
41002
53618
43315
3971
42006
53389
59670
18444
11340
36017
52314
30413
11581
5038
42534
28665
12726
61093
47179
22881
37873
61731
57208
16015
9721
51447
845
35675
34397
7628
99
35302
55817
11595
19230
6813
7420
56312
15447
33313
2981
48395
21132
18571
51643
59728
32736
5096
52272
50895
61280
43543
38455
26451
41925
53973
31239
38304
10482
58480
12854
64136
39443
48566
14504
34528
421
60471
36979
37042
1030
34493
41090
39493
55730
16341
13440
44601
39021
40691
40827
60390
57895
16059
32429
59054
16304
52341
31440
211
281
17240
64389
56911
2314
49963
16367
57315
12128
31059
13413
22929
45118
55398
40014
61689
40212
4626
1788
10303
5977
2191
25135
301
22764
35652
10877
54427
55440
21825
24091
44127
27308
37368
4563
58019
50375
63663
13332
3179
64727
62954
34674
54077
17635
2609
30933
61548
6997
12389
48842
21855
34778
8736
58001
44475
54672
9027
20285
49438
29791
52361
30938
59449
14732
37084
6694
52077
28724
45258
58923
15507
61039
63942
47278
4101
27159
33400
50969
39914
53672
16121
17801
8266
45240
64069
18330
20460
62888
58897
46200
60848
1537
55491
64688
29001
37696
37079
6056
49319
54998
28765
15616
35172
42281
28759
41680
34218
567
47367
31291
3043
23550
54655
23655
22291
39332
16600
3524
31240
63899
42123
50873
26952
47124
18815
31394
40943
15003
34639
41393
50928
9485
50476
10428
62076
64462
44925
21183
20401
16384
29457
49474
16568
29510
27968
40406
62541
29824
33362
55765
17313
3596
30391
58210
6311
52138
56643
22778
11343
59488
51031
60029
60871
15168
53577
40301
43492
50400
11706
13820
17267
11074
21378
47526
59563
13004
23478
45576
44425
41090
35728
16998
6559
22472
4682
18955
42169
61150
43181
18093
4348
52073
60311
56920
23915
33997
37839
59504
25706
32661
2064
35768
56880
51604
30402
54067
56590
41544
63736
45563
22728
30033
47972
39146
16845
33241
4490
64128
64133
42378
16886
58817
11787
19003
52446
30210
46369
43588
29144
52823
34744
52708
27254
53286
58497
46407
38217
10904
1770
39609
51281
650
27684
31908
65469
62770
50663
59887
12415
40080
55383
59729
24298
39211
61375
18047
40524
30859
39198
3602
41278
17636
55197
10643
23723
59511
64624
51867
21256
54006
29273
47025
15593
44846
56561
26488
28404
46760
46714
64962
20505
41442
18881
64775
49720
16060
11873
19600
64592
22898
60914
3255
1043
16656
42231
10862
22355
28395
55201
15655
31472
64943
54508
46548
23934
36480
6357
46033
57490
18785
30963
57884
46235
15332
49299
28008
41006
40256
23636
43094
30304
22059
3562
47964
49327
60917
44990
50384
748
11481
16210
17354
4188
10630
26293
32749
27133
61765
260
10568
41575
11344
26263
47833
29502
587
31170
24016
28372
11700
2599
15444
13945
59592
23637
41982
49344
56167
7889
7517
43939
31264
4320
60344
52698
32073
37020
792
10296
42346
56407
25250
33806
38550
52043
19906
32451
23694
63628
37678
894
49349
49420
24026
36998
24579
26380
47537
703
18170
34909
1336
47820
15558
42811
2351
53114
64893
16919
51014
56338
19312
3106
52882
28420
28679
64506
31845
27112
51347
46101
29938
37754
37495
41663
13106
11305
35348
29220
43936
52562
25702
54429
4990
554
48742
44550
18775
56445
13165
50629
12260
6565
19522
51929
48359
32456
9760
11616
5435
52319
63913
3968
39754
26277
76
45398
27656
21104
13847
5709
16592
24831
50715
1325
14105
6157
40777
15814
34310
52717
22333
24884
18064
23452
41280
26565
39055
53085
34047
6124
35101
61218
36940
31084
39527
17189
14460
58413
3261
7295
51501
9096
9343
25081
57703
53037
40452
17526
6769
48023
44416
22773
11481
51632
36403
12671
38115
40318
63491
6143
15146
20347
598
59140
44683
41997
32875
44238
27872
65017
34950
40072
29487
25360
58068
49081
56763
3906
36533
14416
33675
41604
27763
29247
9266
7747
47530
39694
11234
21581
58758
16491
23238
11725
45367
23199
7551
40214
34300
5652
327
26179
19657
3731
5714
62265
11548
4804
19903
43328
45355
35015
54095
32701
54472
4361
36254
15673
2616
8484
29159
60355
53786
13187
38104
42327
50807
38812
23409
42306
52034
21866
49520
38696
64266
41079
38489
18750
42320
47852
18018
5464
35931
40721
15879
15713
37645
46687
54835
26837
483
36202
35482
7765
15791
1479
49921
49554
35048
5670
16064
32474
44118
37246
64398
9233
51736
16200
25329
4416
12919
31999
28963
17856
25717
24136
34084
22916
44639
43903
24524
42341
51604
64539
43358
26418
3388
4995
22381
12187
42316
9316
5461
15027
23430
61148
22644
18461
64355
2676
38030
24569
33259
24759
8228
38124
36515
43317
24079
48454
49554
55164
58120
6850
34992
3859
27608
52095
22597
29971
22094
2462
54405
37298
55530
51816
988
40420
11581
35418
33600
34415
22532
63527
8143
30750
29374
47618
63543
8440
50428
22787
34538
49575
39507
23605
20718
39514
32316
656
21606
40706
36891
36203
19556
6914
23706
62145
5417
11084
63782
60206
24302
23087
29023
20815
8464
32643
27773
34695
7354
39393
38406
13361
30522
53343
18423
62522
44713
34335
25883
31992
3022
49338
60789
9200
35646
18475
11379
37927
3315
32637
58048
43277
20275
28618
34557
19475
38224
20687
25343
59677
54499
30179
51068
38771
29380
53119
20986
13339
21196
50924
43246
3808
39639
43350
37758
10396
55865
26382
18037
1320
11166
56109
63133
9857
32760
55462
888
7675
13294
56992
41777
1746
9704
8421
43021
39949
24158
8578
14739
62908
37510
21061
43413
20274
38515
58965
24032
6105
26989
21049
9370
39864
17233
15276
19848
26302
15607
5660
47050
26898
55233
43483
17818
40009
10354
36021
2905
423
37452
34221
46701
50134
54260
55506
13288
6301
65290
24710
56550
48676
6440
18546
4517
15410
5531
24213
12291
4713
44936
33218
29010
29047
15491
12361
24680
16784
34044
23134
22724
39521
37730
25975
2178
8434
47427
27988
56268
