24022
8964
53793
52905
7353
455
37836
63547
24336
29829
7496
17287
58210
20272
61321
59862
35264
38221
62456
6730
24310
29334
8020
59023
1502
58229
6414
25213
61669
4116
54102
56544
61138
30328
722
25122
49324
31703
41811
37761
31985
46901
4975
33704
44358
43936
4247
3123
55275
11711
60458
15307
3531
63657
13872
62793
52266
53001
32375
65504
3141
8367
58599
16681
45807
31412
1078
58599
60427
12704
13467
11761
1257
54154
40199
22235
65066
53873
35134
7539
56113
21574
47841
1107
35530
19620
46261
28146
45042
53862
29903
52265
42973
20485
38061
39868
44253
59230
59711
14343
24871
47720
7013
14909
62180
58618
21568
16392
39080
9821
5052
37626
51001
23136
11686
54027
57311
28907
7691
42752
61522
29189
41966
28717
49065
12871
64109
31674
7299
11907
9991
58310
36445
35327
30835
33921
14940
36174
9053
65338
54623
26194
16976
57319
34864
26760
25261
52285
14229
21397
9106
34075
3028
8326
64368
30077
45354
30721
10957
1365
7783
50208
7569
58183
56824
18054
14031
47505
4208
63393
28876
2922
53937
1093
3930
10937
24634
47659
6775
25466
64880
60549
62237
25347
60977
48369
25949
46247
40015
10531
31385
64427
59299
60163
60605
20248
57324
59225
58173
40818
21314
32930
40713
57591
11081
44570
46621
28213
31424
44262
8597
17791
56591
18275
27496
20493
8869
7473
12112
11782
29008
358
51964
10109
43976
12515
62914
19095
9248
1591
41115
48998
43899
39164
28111
6056
185
13940
47487
41956
62970
7260
26243
1756
58392
1734
27721
54900
33313
29739
30283
11524
25397
51416
28045
5329
27201
11785
12484
60676
47545
17221
21756
8915
13010
208
17198
33863
9363
14235
3141
38892
14707
59389
15955
6898
27036
40406
60686
52627
8606
7390
37736
41409
55280
16531
18825
54428
13173
46537
64812
26822
31967
58354
2340
22153
14625
55714
28466
59865
21168
23138
29415
9519
4256
30964
35204
30592
46264
37702
34636
34764
33234
2124
6546
58945
61116
49332
7374
1895
61241
56402
19037
13454
14201
6629
47694
33371
56625
24853
30825
43066
42719
51286
46280
47045
49263
11358
35952
54158
13432
51682
48247
63541
37701
54003
37846
23418
50509
1620
6169
41395
7259
1498
32239
64138
10765
28887
15001
21439
4173
16929
57279
50512
31848
23070
6432
49771
63243
56540
51893
58114
36
2368
48437
28873
33651
37131
25207
29891
16949
13505
58187
45551
2291
25198
33960
2157
8944
37691
43362
55824
47006
57647
55974
21176
42194
31096
51142
58298
46068
12054
11785
19272
8385
59940
41088
48072
23763
240
50570
62660
35922
65341
58616
64084
33416
34069
45114
53184
46656
9235
20654
44459
35792
1622
18186
54632
16962
56534
63852
60102
51496
45427
52631
64090
4338
38072
34323
50683
64189
21808
1487
21521
15625
32316
52234
59601
54957
2813
45770
15400
6067
40426
36470
30141
16223
33315
26695
56555
42145
1894
43223
30754
5227
46520
20956
59566
1290
50622
64100
63100
42003
1215
20368
56745
11011
44181
10837
57046
44658
7950
3574
28286
13344
37320
55248
52773
19399
37554
39754
44955
4208
43219
12329
10819
11919
42163
18788
29954
64211
64225
45477
61393
29476
1356
4178
35017
58780
27866
22593
32422
23027
11305
7347
19330
42207
810
14350
1980
43746
19813
34288
54839
65154
50707
9222
15302
57123
19184
49484
43958
55125
48240
27385
49925
53316
41534
10039
7097
16613
1088
16666
57189
26025
44225
64802
18875
42171
41343
20241
52141
64697
32482
5141
54765
21872
50685
30232
675
3833
37481
30243
58776
27229
58957
59943
16745
52781
4761
22236
8957
52525
42269
5155
6305
45095
9892
60783
17519
7906
48505
24283
33537
32206
59343
17642
29282
2146
7417
2521
60106
54461
50736
52016
32245
913
22228
58948
38651
4729
48916
50612
14845
53678
19321
57473
24230
18790
35008
10494
54846
46558
42020
14807
30068
24911
15040
15043
37958
974
56460
16383
48039
23625
8979
52391
3161
10848
17482
33545
41184
52821
17804
8808
63026
40609
63437
1403
12032
16255
56034
20849
27923
30577
43558
4932
32413
3773
2620
18775
19109
53026
499
64539
2322
43068
48971
605
26756
41914
32078
53792
12534
44302
28722
18058
29205
6871
63094
33729
65418
61562
35094
53960
10034
2105
37899
63349
10953
42509
4304
40928
35562
33667
44585
5439
14086
4945
61432
62671
52883
19091
11104
4786
31335
27652
62441
58941
34641
30170
21875
25411
11051
28303
34004
22157
33751
57077
35895
52097
14938
15495
9780
53804
41621
40912
46814
55682
12813
3193
8887
32694
30325
10068
1367
10103
27655
8490
50941
50672
13823
62057
11375
41137
15115
507
30880
9926
54345
57679
46618
43760
7800
8126
6420
23508
47550
48058
44267
17018
390
16082
28117
56329
9239
18008
7913
51704
37080
3951
46069
54066
42722
3490
60131
11119
63742
60086
57483
40574
42429
1198
33197
24172
57014
58179
20841
31790
19468
21051
39773
27950
62350
19616
17160
57360
43611
63260
15757
6698
24275
51772
38489
55025
43654
32569
34377
50574
57004
59728
13328
36481
16685
45274
1149
9050
28179
18701
15107
36667
6359
21397
45747
41244
32554
15540
8995
56192
22121
57317
9491
22828
51861
1065
15205
18450
15001
31385
64124
23402
42645
14813
30366
10582
4484
4967
31245
47705
28638
13911
30296
20447
431
25407
20660
57456
56304
26835
14235
30453
28694
24573
5113
61307
28475
58994
48270
25658
63495
33895
43317
48803
49617
36910
5896
5920
6450
38574
43958
52195
59100
15238
12245
25335
20497
11026
31971
1940
54148
23818
25247
7069
27024
6540
63324
28803
58305
838
26517
49025
49687
57049
16698
10455
34157
2999
15865
58775
42216
24151
45968
50847
34834
46033
56148
52156
39177
53236
30878
52586
54967
45312
63977
62368
42024
1397
21787
26853
34030
11825
9705
5769
3803
20069
59697
31170
30122
16418
30955
20769
62939
57486
22908
36401
19175
56347
45602
52578
34635
12473
40553
50218
3926
43686
55742
19578
61156
2717
46547
834
65229
33460
8298
60207
46782
63227
53527
37433
59481
39610
22128
27443
36858
13087
59842
40075
57190
15955
9298
30389
22752
26772
23080
38680
31508
60724
41172
7724
10169
32629
802
38996
64404
28620
19891
39642
2333
16965
63107
64123
17569
17909
62436
26653
1609
7017
59635
2731
37576
537
60870
64254
3630
28041
7825
425
52347
58603
24294
53818
26715
59939
30769
10933
33534
41936
47142
56750
26844
60731
4015
44988
44195
43310
38578
27997
31578
36682
53587
31407
8513
41102
34479
1721
40905
36572
6257
26954
57085
11113
21563
25139
58274
3754
24010
26778
46101
22839
2185
12200
39651
22125
26992
18032
10156
358
8681
18523
5987
38664
26668
30165
11275
1955
33353
22394
52947
1763
47726
53525
41554
63805
47618
40268
28710
8824
3951
19397
8467
28263
30241
61380
59455
15990
28076
24086
34762
30305
42297
41937
62946
33882
26033
35404
53629
7443
6248
35986
41520
18899
61321
33038
25814
36551
11637
46001
20890
44031
39864
9904
31165
60614
15748
31711
58827
3967
23955
33031
22601
51250
40414
6760
31909
22222
30021
25631
56498
50742
5099
30886
23933
16644
31850
40116
62234
19049
19478
37695
52352
8056
28666
21597
43499
53831
63371
56711
1113
41179
41994
23054
52667
31637
49400
40794
58911
16415
23150
4918
23345
16247
36121
45503
56360
24988
998
53942
45732
3283
20879
42702
36931
64957
47820
54114
9659
25688
27960
39966
6788
48205
28251
39930
30355
1668
53160
6495
27636
41686
16844
4853
64430
7177
23802
6498
4615
29700
57427
59593
26123
2408
59105
62592
25314
34557
1166
56115
12289
48068
3571
35307
41712
43254
37357
56427
17354
7100
50979
57138
1778
14110
33198
32358
9742
40344
15102
6847
12950
64297
21586
24397
10625
2424
33646
7469
46565
51124
27066
10007
34415
13775
10387
1792
15641
11600
21742
5158
34943
63377
54225
7893
59136
53899
17389
19578
37194
52196
20307
38092
2381
42178
39340
31168
62460
10826
19643
52965
23318
3011
50306
15636
53456
5840
13401
46215
37526
22925
63986
37304
63987
24572
604
33954
36037
62818
50809
60875
9799
18525
16427
7855
14252
21678
35060
46204
35740
4854
36484
61066
40595
61200
8447
47825
12471
60024
43578
5024
58984
12629
20841
3644
62791
17653
54369
33399
16699
31131
50600
17228
4717
47518
58831
40492
12354
35436
46877
7493
9451
16513
65514
9674
21818
5190
40229
29292
34774
47237
36830
24940
853
41902
54983
49337
34752
48593
24058
53776
38382
46695
56201
9917
15276
13973
6973
42412
40024
41107
63238
5200
40348
49716
61520
24467
65065
45488
43351
16074
25833
58483
48416
36536
52436
46985
39520
42113
20501
27562
51555
12265
49256
14998
14217
1265
30678
12627
2815
35324
49523
59143
50866
38508
24066
53415
34572
42731
48609
17334
42094
31023
7297
58015
20673
21172
24873
49372
30680
58042
17541
32461
18579
17566
20323
33186
21566
47379
58214
14235
26278
4571
38988
5521
47251
60844
55870
9458
33671
42841
54787
14457
21182
13402
17638
42191
64693
57775
58866
19715
51694
135
3718
28884
18774
19347
47361
56134
772
39949
20493
27705
51880
12332
40225
38970
64687
64240
19422
44397
47689
19905
48784
58525
34975
33399
58844
48309
56617
6896
6461
64725
65463
8123
31572
4576
28909
62937
2336
56109
34116
9861
9144
62682
38825
53879
41484
13451
24952
13911
20187
47957
21970
28044
26308
26275
62318
20507
13480
57539
59493
36734
46968
30557
35141
63159
6899
49799
36939
55
32336
24076
14079
57629
59363
16961
46863
29303
25216
36461
15977
30046
37087
45289
28597
6572
44360
30662
59088
28289
14851
14067
39693
37406
6722
29468
34072
56085
54969
21121
26555
46129
51870
27504
4687
57289
6072
7258
30006
13623
29874
63856
1903
41892
16545
62694
960
4726
31596
46861
33591
7207
31222
3366
39990
37458
65148
24396
61737
23446
56864
5058
61069
13434
33257
51662
60932
30117
1374
44592
3000
60357
3667
9059
20045
24361
52228
41439
31411
4952
53751
16007
43935
50807
60018
10070
26752
38055
46149
36065
42127
9197
30250
53441
63299
33068
43564
21963
21669
40342
40843
3442
11113
42667
18430
2824
57583
21365
30379
44996
52368
10986
9994
10942
16035
57775
18813
37499
43332
64093
30060
27592
51112
47179
39214
3218
26624
43673
38860
50674
4532
12892
65466
11893
59698
15830
17554
57007
2677
16612
63069
24645
19861
45585
24153
16619
35137
31755
8232
37801
54746
50933
33587
63786
47939
33023
43664
63367
47467
42621
29246
16231
53627
4577
38790
15386
35684
12594
20127
50081
59120
18212
58557
63278
10394
45620
42463
48226
46995
52065
15669
14667
16338
17005
61415
57163
64585
36905
40953
18110
5279
63957
59080
16644
40161
10450
33489
34005
24802
44739
14386
62448
39298
9362
17595
32659
29921
25900
29693
26909
61023
10156
9159
16754
27871
47677
36926
38948
54804
17984
45884
52634
38848
49677
27293
17717
28900
5609
52961
39989
37122
19610
705
21573
31331
2624
4402
6187
39685
36394
4006
29223
18235
21449
62832
61726
57514
20207
10490
1896
57574
61361
21372
40369
23094
64506
46151
13110
54849
38752
14394
54291
9343
62516
1699
51
50521
36184
53834
62320
9879
23235
21294
9507
41803
36311
21512
25150
34386
53797
26546
24208
35136
19900
51271
35145
29333
56905
60360
9947
31519
57951
39588
19840
5093
45324
11949
30995
18566
29334
11477
35946
39726
49327
22196
23856
52628
31846
58173
7003
24614
61532
5183
54910
51222
46473
23071
28694
3413
417
1258
687
40519
16120
34338
62521
18229
49041
45674
59619
20316
20658
13485
28594
6865
15380
60331
27040
41847
35952
188
28255
42340
35200
13549
19512
62801
50812
551
3285
19986
1959
57043
31320
49398
48821
21426
9988
49659
63632
37681
41437
28042
695
51559
45335
10071
11802
30960
5367
50869
17264
17923
31095
21713
12677
58274
60780
52545
54297
55516
41357
62624
19774
44924
55476
11062
30418
46795
15122
33078
39520
37446
9352
61442
34448
48624
39058
11798
56071
31252
11859
18884
30282
647
23148
48550
61813
52457
3877
52475
20566
58327
9003
64111
54848
51482
63002
31493
3084
61360
33751
26363
60459
9980
19868
56466
59626
12042
35097
58465
14492
9133
35466
34168
56737
5486
18413
12286
21528
52530
47420
47658
3267
54655
11898
567
16691
9235
3560
13013
10724
7855
14379
51847
48515
37967
15332
20195
42922
27055
54881
61909
26156
12138
65273
5445
26012
60700
56012
32936
55129
55388
60052
58920
37306
38440
5645
14502
61671
52413
14733
58900
31903
8631
51588
42270
58457
41563
62911
33785
53461
6740
41073
56119
21165
11865
6303
26146
21091
28388
8407
58121
46405
41133
57382
29181
25604
43847
39111
30576
1886
47801
56117
24592
14509
42772
21644
5167
3587
61535
23273
15152
47391
21317
19377
33942
9305
22680
6763
3694
25329
13289
26759
33445
33665
49141
725
59415
41230
33100
46092
41229
45963
20158
5009
36268
48982
20826
42081
4534
15546
31779
48388
5134
5242
42342
29994
42302
42902
58458
28040
49989
23814
13208
16234
60426
44361
11318
61551
42365
12364
64051
8096
55613
58780
63683
59762
58695
52110
14841
24031
13766
23697
7331
45830
59870
49617
5756
64008
61708
37554
36908
65262
13645
8593
24265
32864
55068
59371
63245
7222
19705
3802
19939
57099
27493
21653
4872
30454
36172
54038
1742
7324
53159
34061
1999
37928
61362
12768
16176
29369
18302
59760
39445
40168
28406
58795
20452
19581
24924
43306
62837
48214
52058
39877
32894
53713
49107
14828
32284
12292
40403
53415
34678
289
33230
15997
17645
36896
23173
20782
3470
1388
56234
51918
3887
28713
47744
21725
63662
18841
56268
63768
35783
23981
16412
23552
50487
1440
37292
49736
31787
27803
46301
19378
51980
27482
32634
18018
25793
9354
31599
20257
57739
7952
61940
26607
62497
821
31729
20193
4203
46593
62920
56099
61663
57989
36412
36291
37826
52825
28058
6215
27501
31257
56104
28166
33139
40015
47087
42658
61215
9416
49714
26928
48287
31910
25267
12022
16661
58595
47497
10455
56709
16201
11162
11357
45873
56494
39096
6722
12091
40490
60719
14997
43357
45091
33018
49851
14906
42881
65130
19706
31868
33808
32821
32564
17999
57023
40606
30706
61507
25226
28312
53796
55114
57021
54179
56709
14251
5001
2736
35233
27670
21224
56885
18013
9161
28692
38480
33772
2066
61202
14966
42405
61872
60551
16372
5923
60363
18469
1105
20689
9576
34599
21817
48119
15993
42042
51402
58007
56656
42179
21263
55274
65120
52864
15165
25188
36539
42794
61039
50061
59420
2100
20251
48594
14176
26124
10928
59378
12673
57803
34631
36467
57750
56430
35643
52117
25224
19969
18852
18932
40090
2315
8548
29399
21738
6722
38814
56805
22876
42842
9992
3057
38941
62760
18470
17833
13628
50460
24554
2136
63235
3038
33292
37882
25707
31697
31460
54992
40390
52501
24598
30906
18958
43453
25377
27402
58746
30729
53255
47688
432
33670
1723
46466
8371
19591
62191
33341
29798
27913
2602
7777
45981
8983
31115
16118
60175
60481
4418
34689
17307
24651
31797
41408
45581
5945
52540
30001
19357
49821
26546
62083
24033
19311
53063
54002
17073
35254
42204
23446
34623
63475
48315
34163
16732
16832
21157
1444
44126
53764
59075
44104
12943
65049
60899
1438
14764
25109
24008
2158
5928
13686
54870
50772
33156
26659
44429
4772
47879
49226
29967
30403
35633
31085
20521
6605
20576
2420
18618
22007
46714
26200
47969
35551
35291
16317
33375
42001
19954
60315
64038
37598
23826
55085
30943
64806
9911
52333
38758
43657
15189
45072
19916
25050
43009
20324
58858
38442
40502
60426
53579
34293
39141
38173
56605
28010
8356
57469
20732
27285
4012
34921
11166
38763
48374
56447
8015
33468
16746
64536
61645
54468
494
64927
48788
52818
51064
62998
19989
37086
58013
42210
19812
20767
27382
61800
45292
39829
35702
47575
26494
34136
59428
2786
2616
36293
62774
46167
43417
38172
29493
1047
45148
44352
57676
31970
26813
26562
65049
61084
45155
50882
21605
50993
64494
47094
31011
61891
50506
50694
34079
16403
3631
56565
25901
12788
269
3412
31439
37773
55078
37074
28371
22146
39392
6815
42404
4630
22143
13176
22378
433
60687
27897
4811
45628
46788
49611
62671
9843
65051
39484
1111
42258
45769
14222
57959
30802
29812
53121
34609
61161
46128
59791
41346
27805
6052
17033
62447
40919
47347
11808
17722
37440
35119
64401
65289
45637
44672
6467
23199
25747
32562
21695
3379
41428
38010
52297
2690
13986
44832
33558
22821
7808
60833
64852
17127
47588
58285
47105
58670
32402
11138
53132
21241
35607
14624
13831
620
46552
12105
17001
37832
43035
7002
34807
59189
45512
3245
52549
51881
53856
40912
49560
32317
10506
23566
52471
47578
3576
4819
4221
46718
19823
41300
51824
16717
17934
45234
26479
36245
5585
25517
14787
2081
12915
10941
35187
48312
64554
57964
10025
44064
11063
46098
43153
43223
32543
59276
24786
24208
12443
32604
15549
10102
43817
52178
51576
38536
60379
29093
30611
34723
27478
46002
63374
25364
32692
5593
24427
38940
29588
63466
3137
24204
58849
46526
45602
24201
64412
5799
58528
58792
60917
30012
2401
53040
7106
32356
19994
53863
42363
60569
53919
4518
11841
10872
50765
14107
13478
18910
38401
32996
59751
64643
14983
42206
53493
27088
47244
56239
51626
30818
46891
52781
49884
9801
6510
61717
57316
40768
53117
24772
35458
26250
2403
19044
50626
50673
4245
55653
18964
26862
20320
36766
37868
9810
55053
1411
22114
2578
50235
51935
11877
42
58982
13007
13755
10811
61291
55870
31697
36192
37164
38797
31758
1711
21072
5240
47860
31132
9127
62015
28255
49466
59807
33359
45181
9489
62377
38607
48014
36193
27189
22774
831
3917
20179
6818
60349
48968
19262
7376
37799
4476
8977
6985
62989
60494
22649
64544
12230
22468
9257
13988
11265
47573
14837
29537
19965
6513
16699
5850
36008
63466
26213
47105
12591
3882
8309
64944
15848
10974
31053
51740
38130
61822
59314
38664
46426
40824
47488
45236
24819
65396
49248
2405
47890
47277
56209
8889
32098
64783
11234
27098
59111
40344
55995
56372
9313
29360
2042
18440
11060
21112
20995
13039
62860
34725
10130
8894
35070
6194
2217
25987
6273
4450
4498
40605
49074
10234
7933
44504
44609
40805
24060
28542
21062
31045
3466
33263
8297
64813
16496
20363
40423
30500
43363
5088
48882
58719
52780
56995
27213
63681
47541
4363
16148
10516
52921
61251
7863
61689
43635
53978
61881
11090
32830
34581
26664
21513
52140
46011
53752
36092
63389
56886
21406
43186
58466
30838
27217
52396
37597
8063
53427
21826
61945
24038
38832
10652
27293
9560
34126
22554
36465
23288
28218
59963
32095
20871
31230
14692
62946
32552
2916
30511
61750
15682
659
38744
56420
40764
62032
62999
62935
29189
45328
60501
1245
12325
31573
20672
33488
57799
26706
1552
37248
51709
1905
3792
28900
29882
55307
39407
38074
9779
63070
33969
58816
45803
35603
1220
11448
26457
14281
56403
17286
60130
61807
39868
108
60726
64489
26533
12423
38057
16614
46089
45869
58152
26218
59157
59531
33807
41095
34418
20948
32011
47766
3656
63980
45455
15644
25555
6921
62079
22781
55490
912
15483
61129
9884
57011
29966
92
1458
59510
51368
16542
23090
62630
17453
12972
41601
7465
39836
31384
39060
6084
14346
30399
53407
1062
25815
19065
49842
54956
63485
21178
25179
6585
6031
29777
19528
17618
2633
24561
38477
48812
8056
48638
585
47702
48188
61400
11723
47676
53552
12262
18107
11223
55403
34679
3338
1364
51611
54243
33322
25421
51753
55919
21581
65128
25739
6799
37532
58980
18404
12269
38773
10527
6252
35763
4087
11058
21985
28971
35569
46252
35701
26575
28805
3962
42617
14358
60382
56284
64053
64231
28461
18825
45798
60038
22127
54565
61295
22772
41792
52936
64099
53207
64909
63886
36180
16680
53578
32253
33548
53231
23207
21924
10378
61197
44617
14352
43010
51941
10798
1361
46793
49383
52081
51087
61069
16039
58482
36498
1043
33313
37620
21277
22942
56262
11043
30881
17223
37435
23345
36135
50609
12284
43914
50138
15629
23088
62314
58403
46360
1532
32722
63722
38078
49669
28352
52542
31552
56333
27176
61960
31871
45579
31541
57683
56761
11714
21853
47861
12116
52247
49219
45096
24924
2181
60554
19405
18748
64128
62151
54213
11032
36302
46094
24332
41392
64924
23589
10894
43334
62522
63969
2353
47288
9183
11473
29951
62012
44703
981
27396
40072
14161
56287
16924
32036
55526
109
36641
22061
11145
43524
53004
5293
61399
26129
5076
21226
18977
43469
5467
65313
19608
40337
60593
42862
6475
29479
48468
36977
42279
58139
65215
48577
36737
46883
49317
43888
3668
59039
32202
47028
47343
35091
53061
9759
9931
8247
21305
28154
59157
46353
26261
1305
22715
2187
44538
31995
45341
33212
18316
53606
2679
37279
32842
54447
21116
31185
6228
54832
37117
37124
42163
30500
51037
5799
30042
11202
18310
60235
10511
63789
47346
17535
62658
59702
80
57978
3461
48214
38965
45899
57397
41183
51234
14882
8471
52833
9806
46944
9278
10484
58822
8662
527
2049
14900
23538
50364
19473
65014
1539
6542
38325
32686
2100
61308
56842
14636
46515
25527
3597
9124
27688
1689
12721
34222
40900
58577
8236
45104
32800
44468
55364
60871
34942
51752
26726
54817
57199
23910
23269
57743
44476
24497
44028
11022
48138
35043
30743
45706
12297
59158
49484
8393
22974
30974
34654
24143
24542
51985
20627
38199
18676
35776
34873
62130
53691
38765
47964
44720
35263
49045
5892
62252
10410
20757
27960
26082
5329
1450
4177
25468
18778
59869
16339
41693
39624
11424
35901
48309
64900
13200
3936
40098
12964
10006
1107
40263
22012
17910
25488
29512
56158
25043
33906
37162
42861
52567
728
44605
18175
41724
10122
32609
6828
1554
621
15904
9899
9878
27950
42932
28297
48363
52770
48864
49763
62765
2983
11111
982
48218
35122
64564
46000
25221
18316
15956
33912
11719
1820
60736
49860
21339
45124
22367
52324
7189
5086
52022
56041
31582
43657
40060
57626
62440
64176
62926
35604
26527
9787
18311
14308
41907
9384
43637
48258
57927
56821
10447
3467
5427
32343
32873
34711
56605
12682
62072
15155
56898
3952
717
49320
11401
62897
5645
24766
3724
15466
64278
38412
16785
61504
45196
558
62677
33003
50278
27759
8815
61055
47429
22452
39665
36180
33768
41605
24797
11629
30802
9942
40234
51725
18073
30441
50434
22686
11366
11757
58903
18228
33799
10985
40102
48359
31261
7944
11029
12881
58134
27223
6746
33506
57264
56572
30039
30192
60543
64356
12763
22222
388
62482
64677
4279
10447
36011
34321
23766
41093
62223
566
27946
57651
28612
9347
63871
18556
52985
41109
57648
62644
41877
44312
34173
7905
4473
12828
55335
36514
10054
4368
50784
7912
2382
5023
43664
50856
62724
9390
51762
54718
56881
16949
30956
127
41773
40147
30910
5231
12014
19083
31414
34016
56964
60127
23411
1550
45332
29320
59420
40382
50615
24789
30035
64552
35181
48578
30667
27827
59498
11136
51684
60955
10305
32902
39150
48124
2281
55106
1358
29965
24758
49467
12649
5222
27906
23452
37279
42545
36053
17185
64012
60178
58232
23372
38039
47418
885
45084
62931
29200
10347
4689
51130
4199
26073
14307
29815
18436
11336
47360
46942
56254
29716
39931
13490
61317
61520
49367
64390
55741
40237
46589
57284
33472
60590
38108
20230
57386
29464
37363
37324
28459
4594
26883
58626
30500
32628
63887
3857
14625
34210
14669
36295
32520
22138
14207
6723
36728
46814
22751
41749
49662
56261
44436
50939
44426
56839
62672
5056
63876
11805
41358
34360
55629
37255
60131
22830
1283
6177
20842
20622
54823
27446
64196
15344
51110
22492
7947
52799
65210
2833
1614
47101
6251
11906
50268
55439
18652
18867
2253
49988
60410
26278
19620
1410
59450
1860
922
8236
27346
58037
25145
60413
39585
42234
62042
22485
61493
59149
31234
43870
15278
30556
46028
20918
29861
46789
42735
54894
28700
39050
61999
48447
28342
42459
2208
19465
8724
52906
47008
53421
1757
37416
53791
45704
1049
25534
20503
49545
44819
57090
65372
11397
4673
27181
1286
4668
49991
40973
54875
26947
7296
38995
2517
62710
58523
26375
2254
36674
20545
32558
2752
9725
21587
15250
35939
36132
60850
44519
33096
41068
19281
44034
51793
2560
49394
34213
8009
25634
61523
37862
55969
9049
31617
26173
1558
15801
23919
19069
63200
32030
12236
44940
18879
38979
60341
41800
17487
18758
37176
51393
22658
26609
63063
45530
32354
50569
5937
33674
39476
8470
43758
22705
10328
53023
9655
56120
58954
29876
56624
58105
39578
25547
50731
61084
5623
39093
27323
39994
47960
18332
48007
13061
10520
31738
43988
40561
41064
58483
45814
24438
585
24146
29969
64120
46257
8094
60224
9171
7178
55229
27781
1778
61371
45846
52830
6964
53806
50511
54224
28675
26693
27265
12612
18300
2504
62915
7579
54565
31947
50546
46022
43778
16105
4578
39741
9879
1722
6171
33639
47159
36805
65234
56961
30541
12854
8263
52625
46380
50914
57584
26631
43750
48010
57836
20395
15303
19744
5444
8871
35472
51667
24754
5956
54793
10813
22327
50475
50400
50957
22932
51231
56960
36750
48908
35928
14529
17710
26005
11874
23272
48568
37428
62521
4797
38489
13302
23057
19156
34107
1032
38388
55461
24528
23084
47918
38078
23268
22228
8313
21126
33931
40138
17402
32283
30546
63439
12172
64677
51789
38392
48800
22743
35491
14932
60593
55376
46951
41937
32661
13028
5172
60904
17613
8948
23412
15201
52780
46632
35888
18461
28786
49006
54244
41476
28709
5339
43944
56614
4931
41329
5573
46455
33370
14884
29984
48610
38784
55494
3594
63252
18984
53229
4187
8183
6597
13818
64812
55220
29170
40704
64832
34174
45990
23721
381
3669
20727
3389
18584
36445
31564
54208
40167
15106
43102
9673
41454
10908
29813
55703
24603
54189
61938
28213
58399
7860
30001
39961
19778
55250
32348
54376
49173
27348
2115
13356
15716
7020
56304
31638
1225
56893
43169
31602
57116
36199
36422
5926
9604
49182
45428
41087
24190
23480
48079
31280
34816
34047
13351
9295
29429
14223
42456
52229
12564
44054
51047
41683
20913
4429
36282
11372
13757
45730
16192
4505
11329
49807
35220
21684
58717
65012
5243
64609
33845
31295
65458
23190
5401
11841
52100
12248
36695
51537
40237
14772
64007
18688
60190
47978
57277
14610
49785
61183
46508
57362
56629
57557
17530
30582
62722
33856
24395
25983
24755
36186
42135
59139
9075
13727
47496
10018
36520
13577
52995
34038
59570
16925
60242
39001
43736
57363
47511
4647
24739
24166
37256
35988
53957
20088
27460
30720
52644
41585
27177
34730
7626
13072
7331
45412
45213
52977
16525
9021
65529
9564
19367
2013
4347
32336
55415
4736
35510
10368
37680
56992
2121
46439
55311
29443
59676
17649
63568
47908
38248
7181
42805
13024
35441
6944
52866
53666
38489
29330
26278
58651
63080
64223
3934
57027
5906
21912
64452
42875
62556
61700
24697
49857
44050
34603
18800
48850
36394
24057
23323
51427
34625
30112
1656
52496
51009
31362
30311
7245
63666
36588
33217
1657
34548
14658
51236
59630
15444
3298
31684
28819
9737
28415
53034
16082
27527
3687
11843
9137
35625
46229
31698
19683
33173
9024
58012
47928
41726
51518
51998
36917
1009
6740
3657
3618
31146
27848
55956
65408
49551
11008
53274
30328
56110
61301
19083
25158
27594
33745
2446
43423
36096
8881
62267
53548
50872
60041
34807
35882
2369
17579
43475
45987
4137
20489
47905
205
19778
11363
30664
54292
55441
18857
45983
39399
26901
60956
37889
7503
37128
53225
48151
21094
33339
49981
61756
23226
35755
43641
34192
50605
44837
50232
58760
28740
24130
57539
569
14833
56768
32092
4002
19544
4801
55297
32469
65253
25298
10390
48053
26730
26950
45183
65186
51772
36201
28287
41356
39871
15561
65118
65128
41403
63332
20473
21421
62402
14456
13394
30968
7960
4692
28169
57950
4515
23386
42616
9959
7374
53273
10305
35988
40618
20576
12845
54531
9367
4181
37846
50518
8270
15837
18143
43398
59951
65125
44883
21343
43565
63810
35153
19211
46059
64719
8599
1683
64425
43298
10600
54526
5571
1069
60443
24560
63442
61309
51504
53289
40387
44191
61445
36850
18987
29802
54682
42400
16134
4300
21462
46255
6778
46303
61841
42435
19442
13989
6411
17247
35978
41311
16987
21919
23098
55182
39082
17233
24988
53513
16979
42943
6046
29437
63476
21088
1512
46756
13049
56331
14242
12340
16216
25274
13793
32731
14398
3358
17481
34208
16307
49518
28296
20889
64098
9388
7120
25653
34627
53998
9697
39934
23751
48434
22074
65012
37757
53868
4803
56092
32466
13471
58054
6786
28266
16313
35401
61536
25122
27296
48402
16397
23470
54839
47634
14641
22735
14664
39882
64179
63305
43310
43250
7034
51308
4185
56779
7308
2385
56821
23363
56590
40718
44559
36106
9177
50968
52507
51310
39240
14240
5281
53517
23188
13871
16649
4051
31363
45031
47237
28113
26194
42471
37093
17044
26246
49575
3177
53206
33504
4363
61154
61019
42292
61132
54353
25205
61180
34746
8916
35652
1321
775
18744
13239
59567
12819
13796
20936
2542
39116
26434
211
31223
16727
33122
60417
63484
38437
63726
47999
9533
44351
54023
53728
46486
28261
11038
64845
8856
24734
27536
11194
17470
57842
57454
14085
122
9463
12772
52356
1933
21227
5060
43722
3560
32312
55373
56936
3414
4549
17371
48384
64513
59943
53693
16069
22948
40792
5841
57978
65433
10198
16509
51792
62829
27349
9144
43843
25296
10077
10998
1633
19022
28824
45134
2588
19303
22922
29484
13001
27212
16697
16538
34198
44167
1439
33924
23009
5096
54101
60390
12836
36954
16364
59385
61654
22240
40668
6947
17183
1282
41544
17921
40972
21084
34783
32746
49796
7815
48674
34510
6406
33855
57242
51101
40594
38677
17743
29444
10127
28204
28356
40904
1236
23790
39030
23968
32059
4994
33332
18960
43409
23727
19030
60739
12973
40001
38979
40127
10505
3042
58663
6030
12496
31113
15485
29087
36882
33117
4805
40137
12574
2361
56735
4498
31063
5448
44081
196
15221
36643
12669
24909
62699
14444
58518
41592
37847
31897
37602
12273
60482
51047
32454
46860
46404
52181
54830
57419
32862
42608
55412
30711
58338
64941
45054
3379
38382
50273
56599
62069
31418
45488
19674
42784
24280
64776
54717
36640
51651
27531
47053
25398
5050
26259
60055
277
32281
21901
37109
12190
62169
61904
42003
62708
54235
21038
37871
59368
62606
3758
1279
42731
30171
42186
13821
42079
30043
65160
4661
44400
28129
19858
13443
5372
64697
47675
38153
10941
55275
20609
32046
46043
21031
45959
37129
14228
10396
11829
64597
30235
54761
16416
31652
27916
28786
60107
49012
29101
23043
15984
19471
53204
49214
60229
23741
65102
12739
28056
24894
26441
4035
9108
42693
53168
3234
56065
36341
48325
25660
47335
32651
8117
10879
30914
8396
40014
39623
25908
60741
64886
10142
15457
26118
11463
529
5951
21319
12640
59744
4825
24537
35997
55080
49300
5412
2978
15030
9886
1250
32033
2446
5547
61348
12020
10248
51552
30381
23892
32443
64865
622
27185
49634
27798
2726
5196
39667
22144
63655
25287
58552
53182
28011
15694
6993
11456
31961
11789
2079
8412
12533
47502
25524
56657
12906
31772
27926
3503
49514
18228
31373
13442
31476
45996
11866
20711
14048
43258
29887
37704
2217
49150
59413
11239
46045
1580
18015
20723
1346
33984
62303
6014
17033
19551
29625
50
55257
24561
64355
19351
39089
63643
54993
2067
25243
8404
22978
16246
27469
51274
1091
4796
51328
65404
14049
20323
60084
54090
62166
57726
1173
15783
14791
20959
11127
27593
11723
42160
44022
54306
6767
9919
59200
8211
57012
19733
27757
35346
34027
31214
5804
43069
36429
1660
42572
49135
60035
35585
26057
64499
54900
27223
23402
63396
33755
26772
35083
21075
30156
23545
44055
37315
4356
42421
16951
9529
27638
64070
43012
45715
36492
55735
23646
39411
7652
62466
39717
44551
1196
54628
8274
62773
54391
17800
20026
24664
19257
27893
24829
37876
5594
35628
9599
58039
2080
23836
43570
11250
11513
42178
47773
1111
49929
32565
56794
18264
63556
2235
1849
23898
57936
53667
38061
53158
61850
20026
57450
14334
63209
20023
42788
44931
46901
6002
62517
50791
14057
47237
16413
33018
40607
54001
27322
65446
64273
17643
5
10386
45639
12165
42893
22801
757
34268
4612
65468
50493
12338
27592
43757
64308
45097
62580
9717
22995
50425
30621
13
52321
56357
40645
18723
47455
3582
59756
45506
39974
36824
19646
42587
59201
58011
46490
19625
3530
57873
59041
1858
27196
3791
47890
11221
17361
16361
18584
61976
54657
59616
19163
4123
42901
5491
39081
27615
38234
18417
11987
56909
4713
57930
57073
21297
33664
3040
22938
38738
64961
13363
28505
54258
42669
3512
18480
13279
3106
29200
50537
28206
31394
23490
43635
2422
30228
3002
64209
1960
12103
374
30997
13912
56533
64402
29406
17622
34068
62706
52091
39821
48706
39975
13181
44919
40248
31861
6057
21133
38346
52565
6628
62036
10654
7471
22140
52859
9422
30585
630
46064
45411
4093
64757
60244
12086
47841
20309
28348
36028
14184
48945
49451
17079
45744
6950
61388
16402
9635
3679
17706
52994
59344
4054
33846
45035
16615
61837
45773
15886
2773
53574
45850
6827
42023
18567
65061
4052
5924
27933
56030
46059
50772
37308
876
2399
62377
52185
59001
55697
34095
51344
17543
63382
40542
32076
4261
51542
40542
19459
21450
47858
46748
47621
59048
14706
21873
62465
21509
61997
18680
45693
12714
835
53656
8633
15620
34850
25380
8791
42448
48603
19364
18737
53850
9627
13316
837
25673
27589
34517
13227
27390
11807
37418
40646
3768
9550
19436
5537
26972
65400
61848
11178
18313
1916
28872
61329
19681
50166
41035
57843
10794
30008
7772
34582
26719
38869
24672
9323
7781
57413
43800
35965
8813
23016
39243
52161
2979
10022
11295
33048
35281
42009
52364
6304
43931
31481
13362
64165
34720
9348
11184
42788
28562
40147
26015
1952
8882
46399
14709
52469
23727
20515
57611
7047
65186
34278
43309
47889
56267
4548
14427
255
247
42034
62239
20462
40277
58679
9177
13986
40331
61029
15415
22932
58368
2228
31557
7556
11429
46570
13069
24682
49733
452
51116
38635
41390
19921
56266
63828
52244
37804
53392
7701
49903
16690
39792
4958
62160
45778
7123
41138
32335
20343
60180
40821
45377
17814
43089
62763
7525
11263
45686
28969
47916
44630
17764
6185
13016
31936
52
26680
3097
38861
5162
5377
22181
60707
64266
57391
2780
34762
46632
23095
33469
9714
39668
41873
39371
12920
55160
32147
15797
31866
3368
46157
42379
33110
34484
47582
7443
435
17273
52055
26900
919
6382
59717
59414
41484
53883
33028
34885
33364
9573
48861
60772
65154
32653
46323
16436
342
17111
51361
6450
42302
29044
55623
22024
51153
54971
30369
16907
17031
21767
59323
22654
29273
28352
54517
61110
29599
49606
46230
50481
11442
44095
16599
9144
25786
33785
28117
41649
50143
64907
22344
42059
23301
7735
20206
54437
17435
6492
50046
60460
53768
55969
11172
25654
53427
30126
37635
43350
52028
46172
31465
63480
19429
23305
39907
6029
7083
27453
18534
18482
27259
65494
51830
36000
50394
32331
64521
44166
61932
30485
30050
45539
32610
32529
56042
56966
37681
10729
13266
35911
60182
54985
39733
51834
60366
51331
65421
24355
57872
4539
11828
42391
62935
40695
15656
13694
2363
58417
31577
17526
44681
33925
21976
27158
31354
26498
63389
19873
25212
28612
53634
658
32772
47012
46749
37177
61930
49958
61287
36980
19590
40208
5457
60631
41531
705
4309
20662
38654
42795
31383
50390
42192
65234
29899
60411
50857
3717
27664
16808
57725
25016
16258
19134
45238
55791
16697
49435
56104
39835
26336
46217
35551
11396
1650
33532
44577
64899
44889
54205
36268
48882
22175
14102
61170
64903
4036
44492
23027
56879
4536
47346
13916
20060
43497
64339
2805
39790
43591
19655
13050
61824
19126
55225
8099
58282
6913
63319
34379
19709
10766
31764
63334
6983
14171
52354
48023
6047
14151
21942
39062
55518
51093
26859
4691
9172
37296
32924
50823
6129
18160
27247
18627
4821
4614
25325
61239
11284
63949
57588
16070
3723
63830
64325
27043
50354
9966
46873
42969
11935
13926
59093
19921
16541
44294
57660
7155
30972
41347
14798
44088
14453
39726
57716
10342
55223
25093
4465
52579
43230
10849
24857
38010
21602
61135
48517
37556
57626
2353
37778
6467
6517
55178
21035
64736
40708
32333
61141
31277
51685
23791
23894
9500
47698
44591
40187
37836
17398
16368
55832
31519
63916
42766
45248
50274
32830
3501
42626
27276
9267
12695
44026
38384
45151
23278
53067
29739
8565
9345
50895
59134
35066
52237
58651
34756
57533
24240
41887
55830
52320
19609
3227
4386
23989
27294
25865
25886
52374
61245
59924
40605
1689
8143
42602
48361
53224
35380
3652
49987
31446
4580
53041
43945
52994
30559
54690
21298
16583
14559
24403
31082
64624
62109
32864
40043
8832
4929
41610
8303
3480
60348
63525
65126
48027
1928
22153
59832
23679
24637
17014
28917
52455
49656
60243
30767
28580
18852
40877
47842
56525
18403
23945
33830
58281
53318
44147
64853
25757
48068
47010
36033
31361
24696
7841
16197
7605
55829
55741
48631
21817
34000
11638
28128
16668
54671
50290
26089
21572
10295
29583
47561
39723
7679
43890
7265
45181
12979
22627
3506
36266
7916
31909
9485
25457
8097
36920
2598
51916
47713
5431
45899
46999
30333
51820
3524
50329
18377
3983
28974
21165
55884
35910
38874
65137
2079
5492
11629
42577
56921
62612
44000
52909
26724
26382
62024
45528
64458
45087
65057
57664
55608
50598
44120
39711
59319
52099
58067
63990
62697
29040
63015
21135
12015
23122
55065
64171
31677
1649
43456
2577
9035
46954
41067
39112
56972
21942
4162
22147
22298
34683
52592
44553
58350
12952
33283
52146
1455
59705
5966
23540
19162
49804
36120
13792
37173
15260
55278
6016
4470
45885
60884
1023
11368
25662
23773
15642
41742
32420
47980
21688
60389
1104
18257
22293
64814
65261
44704
62906
52334
7841
21683
28432
21560
6301
38626
64803
28136
29138
43005
2689
21655
21933
38607
26447
7668
51134
9209
6712
5095
14327
16232
34436
11673
1125
63226
63396
43972
43866
33180
23187
29652
56293
15542
3189
4651
5877
10387
11567
19808
11012
35407
47440
55476
38645
13847
43849
58298
47471
16511
49737
24311
49320
18052
40401
65315
9458
32749
60769
63267
13203
16053
27862
2116
54156
27939
52754
14190
33279
38550
18264
6998
19290
44511
6928
44200
56927
64814
16440
50754
5153
55805
24562
59496
21369
24040
27294
33931
53778
65062
42894
10842
22928
15265
7687
41291
44354
43997
22631
23088
63239
51985
1550
33246
57709
64441
42869
4441
31099
18001
20659
37203
23201
5439
39466
57652
21570
43059
11430
31898
16044
64334
63086
58891
38532
14802
24790
45203
19715
39389
54067
54106
50213
62794
41743
42689
27008
49342
43488
19302
39727
50127
37315
23623
13043
17920
30780
61030
33192
13336
18953
48666
48554
45230
32346
41472
26298
46640
39284
32275
28291
9863
29497
43386
55218
56738
9230
38271
47028
32216
18837
23328
49831
64795
51410
42300
12339
45513
39429
10732
32647
25066
41648
16081
30278
38165
63122
59360
18647
24689
39904
39506
47585
61081
58752
62001
517
9809
4635
14799
48629
7024
8612
24952
26069
8947
5245
42349
27102
39381
29903
667
36562
40756
9119
6863
42808
48515
47878
20045
58947
47966
54019
53721
22997
22747
59353
32491
17430
4024
25789
44599
2641
1349
16890
39919
49959
38933
48895
45086
35203
33631
59114
13286
8583
10354
40552
614
9878
19964
39443
1293
46562
6596
54848
21006
51291
22603
17402
22127
50181
62879
41677
31166
41802
10525
24443
10379
48563
33333
15394
62238
16118
40780
16948
9977
31386
39817
6507
3593
43242
34227
10327
48057
39135
1170
9861
45617
12559
64100
10723
43626
19589
30879
53808
20663
48145
13461
50733
9389
42453
59388
53339
27870
32831
58184
56133
13656
65426
59778
26046
49062
40389
52149
18389
871
7621
51116
14193
5923
59195
63425
18125
44147
56137
2554
27140
32721
6284
60791
30181
45087
39118
32979
24186
57977
54232
48723
13400
39492
28148
22708
3089
58899
39061
3960
4934
45865
65376
45356
36388
26952
56040
55554
50107
47715
2983
15099
51080
38525
64900
62959
44823
818
52238
54372
11043
43438
40775
34619
40678
32053
15341
16633
33957
36551
40693
51974
59003
31998
20965
38164
17206
3640
10521
48082
32822
36469
19734
4777
607
304
40143
20648
64718
5864
24717
16568
32051
54026
3600
32944
57397
47804
60849
39793
40559
13645
12183
58643
38084
5276
29572
43130
2044
28584
24484
22886
34193
59811
40091
4038
65449
12834
13117
22463
35320
19128
44133
49181
56406
51589
35257
32186
21100
44917
9773
38740
48687
22278
7031
24738
40824
456
64325
36354
8039
29510
22031
20074
33094
13669
38033
42890
27677
26341
48360
3137
54681
3483
35262
17569
64232
19562
31102
60394
43785
10837
37941
44763
9303
65066
26981
61800
10170
25289
54889
18012
49333
41103
7706
1786
41823
1522
20164
40847
14158
25069
45228
1887
60898
19854
52175
22299
42874
15017
24419
62284
21514
9269
29842
21681
43265
61935
62373
41648
48912
33035
52763
24109
37402
13222
60402
24721
21065
64841
34378
6514
41388
3703
54602
16634
52058
7174
44974
16662
58233
60342
48425
63394
7406
24999
5203
32781
44798
50298
14791
26233
5038
3409
31930
29496
63541
27644
44923
21282
42472
56632
33881
332
7103
2044
31639
42586
44563
10928
35108
32836
2389
64479
47952
31675
14201
10964
1680
18537
5485
3118
42343
11664
34084
59457
45729
43509
17991
16131
44208
49043
16280
17235
25419
37747
9648
5936
57652
54515
54718
43968
3684
35875
7971
32695
45021
58663
49318
22901
52911
56940
27386
30269
15880
37012
37763
45151
29888
27895
20682
37350
14331
24303
15977
22033
45138
37547
15689
5015
53539
22961
17880
56379
33054
51477
56392
28168
32139
28229
15302
23698
62456
58588
52826
26295
46213
845
48289
18897
42195
38819
51535
4342
24482
57294
40693
48238
2564
21453
62043
18963
26878
17725
29848
62350
32653
10867
15468
27931
52836
4827
26744
36398
56212
52674
42088
31558
19214
55451
12816
59881
53328
43233
46180
64862
19690
16964
13613
43985
13483
10405
46126
8283
11089
5797
51236
32908
42411
30095
28308
18197
33525
11998
26185
17850
31955
45040
19255
33419
34540
48204
10282
26435
23464
38744
27945
40191
17130
581
21464
43048
22031
34882
38422
55701
19759
1451
43732
52965
22172
51126
60167
33245
63530
17985
54315
7969
49627
61944
48565
22555
43828
49721
65310
58486
54743
53931
48907
45855
39220
816
15519
51999
56297
46898
43842
32219
46203
64573
16168
19374
65336
38362
33501
59455
30540
33396
10322
46173
20053
51074
45353
43157
38585
40043
32940
41680
64975
60360
48050
14609
16131
21629
58981
18871
64727
45612
44153
8232
6985
63821
20681
17868
38736
11412
30012
46825
13333
11175
23680
33705
26754
20755
19329
21508
23357
14058
53970
43233
62806
37386
26922
16068
3113
1280
13817
31829
50123
12801
60975
41033
65166
37940
55918
16638
62244
28087
40550
38896
49825
46414
28635
59844
41306
24496
24938
10657
18899
16408
29522
49295
35669
26817
38988
59445
51505
18890
57710
8556
4933
60598
6085
50894
62761
45243
64305
51164
4177
46478
16887
3672
38903
10481
30986
15454
15248
56439
549
15560
51710
568
36191
39529
26214
58331
7810
52768
46051
54798
8302
17085
63519
17799
32324
22091
31977
15439
35674
7209
62549
43657
49798
16367
24666
17037
19264
59343
43784
32842
58018
44440
35137
55054
65191
63460
55482
35666
40931
12427
33806
25485
50794
36853
43339
3461
6669
39885
29704
31809
47097
29853
37555
50153
39558
8988
45131
13959
54622
23352
21814
64720
54866
57825
4242
3179
50772
2570
9009
39223
16980
10023
24068
1637
826
20886
59516
28666
44636
21523
15464
11617
32414
10688
26476
6584
11598
56985
48600
1989
26501
15263
53432
53614
46625
58993
44413
12519
15101
41227
27709
8370
60938
21271
1031
1584
63156
11909
41994
5659
58999
1961
39759
33722
10731
29816
20184
42261
31377
59283
8536
46728
4172
25872
5886
3970
18683
43030
44310
48342
46741
49760
32571
57294
5695
19826
1632
42390
59904
60889
56117
62375
40409
58005
7722
21338
33624
43089
34378
51504
41483
960
5369
65409
32306
36245
23679
15475
32493
28648
50020
41715
45251
53328
56582
32075
23675
496
11586
45833
56144
59752
43763
42363
30333
37803
41214
7589
9790
56747
39561
18986
56007
26949
47434
3089
53284
62191
12166
6005
6283
48694
55077
2137
55761
60829
32467
55057
61352
42226
24291
17621
15318
43402
14287
54940
20269
31822
44300
14555
24481
51276
16842
16932
29293
56828
45991
59149
26252
46651
64739
9935
49012
56147
11581
2522
27597
59736
23703
9797
31614
23435
39112
2388
45871
40486
63053
46709
64169
30240
64636
59938
35243
36255
16480
56377
64135
27639
53807
28951
48317
28221
62854
7878
3916
57203
36123
59816
333
20527
32940
37437
1611
29397
28794
53943
38840
14776
30741
505
6232
27685
18617
13154
20498
19205
7471
6320
26027
24436
34267
51220
7941
46815
52389
54621
14698
56253
7004
45262
5318
45137
42039
32645
53144
27244
2157
58762
2375
53448
15876
57423
48471
11253
21766
11174
10333
59210
45128
63274
12879
3237
60443
9262
51733
13478
35391
63933
39121
46136
4957
58960
44836
29581
12967
2889
35633
29420
23841
40145
8332
21336
26207
11738
43967
27906
62291
15108
48619
15807
26512
28416
18672
38419
32108
5558
29738
60194
46449
1546
30970
30914
3233
8145
51945
37828
41155
1548
34177
45661
877
27497
80
30239
64715
173
50272
62166
36316
43638
22296
9821
13859
37277
58790
17556
29783
56545
47352
31177
36449
32046
42844
45692
35907
27457
12212
4900
59831
16547
31734
52027
57384
10593
29278
24475
40122
933
54761
64619
47097
49890
18966
18063
51640
20834
4725
32093
28647
50129
20569
17781
63071
55734
62344
65515
58681
9632
26846
31482
42919
58433
15417
34798
436
16088
12187
31741
4527
26245
14763
64741
19075
65234
42477
58810
18499
2724
28
58674
18678
38448
24693
64113
43599
10193
65278
35021
61042
35813
48750
3019
58014
18724
11385
61175
61310
62543
2716
52258
62010
54868
52630
2343
19706
137
50575
18753
61250
49139
3779
17595
42502
30973
1340
35215
41585
25206
19502
26431
24775
11399
819
50393
14901
41107
49801
16045
29911
52725
62450
58081
64838
36735
47402
38675
15140
40159
3794
38905
20560
3471
3351
1788
44260
56895
53370
9712
55107
27986
52237
13599
48564
19656
9502
56841
44124
48931
33173
47879
37751
38137
53154
9906
63545
44961
10748
65276
44723
33017
30286
14618
7479
26976
63012
23686
34069
55866
64310
39115
58321
44261
50521
19370
62879
23113
26839
10824
63407
61169
59325
37654
28954
25904
46851
57780
51903
16528
63721
53607
22459
34298
11574
47048
22010
11695
4138
36304
45082
32662
35050
35570
2156
809
25322
13315
39662
21835
12404
33387
7292
53546
21596
28389
42668
31718
17871
25386
6152
17370
42524
3200
34905
23910
13114
10601
6080
3614
24736
54448
12286
10747
2104
15097
10762
52568
3984
48754
60136
16943
34357
62261
45840
9114
31250
41438
5207
48382
32749
61030
14007
26502
18295
15967
32900
34820
9474
57253
43255
12533
30914
61160
28407
32636
16643
60498
44616
45912
19767
2930
7450
32337
13057
27049
57185
40887
38572
4866
17123
45054
12590
61711
29830
64024
58379
45413
7870
200
16567
58621
40592
30994
39508
58220
57293
12280
61198
38536
17327
47735
32161
20746
52065
41450
43751
9320
5049
60263
57758
36072
53581
44678
64125
25562
5380
24491
24444
13941
21540
13678
49684
14187
47810
62298
60092
13376
38103
47618
44579
63624
33518
17822
46829
46551
41636
55867
15156
25467
60182
13541
55439
57704
19927
47402
51377
59154
63284
37253
46960
10291
32845
52006
36598
36945
61932
29230
15737
18880
34405
12628
42126
61960
25002
6347
43840
8494
21373
56251
55047
56703
38320
17214
21007
20995
44755
61081
2531
65052
3583
7013
20803
24140
23547
18460
40677
36693
33593
34815
14747
50545
34030
38985
29599
48658
46913
41144
23321
52604
3180
39557
39034
17281
14964
28622
50721
32214
16510
39539
36346
40045
43256
43923
28078
39955
14014
32398
51892
51703
47631
37086
56682
41744
23345
41270
65046
38293
36060
9826
11315
416
65461
20698
31954
48712
41219
15441
33717
65143
25712
16438
21864
2019
55874
9635
38685
35528
23491
49597
32337
24414
64955
20956
51052
12958
24819
26090
22269
43937
44966
21266
33885
3707
48529
30197
38348
45142
21341
21225
64266
29630
1480
29558
64273
17115
16565
49308
24692
47337
28648
51353
41059
44884
56396
47909
46953
37715
39655
34779
11122
12047
35228
37467
47859
45123
34085
40533
54782
15985
27504
34254
28989
51384
40777
22284
42981
17638
14698
5754
63612
17514
19009
29257
43348
15959
60249
29312
28726
39302
26707
11388
62052
60299
26800
57119
27396
40727
15442
37064
51489
41584
25482
48954
32232
64863
36844
31607
32000
18890
58836
38759
42308
46824
10974
15567
5675
42268
53437
59369
4575
6984
9217
18719
53618
64183
33161
55037
44547
7113
11982
53584
1250
2896
41390
430
13406
32914
25537
24364
52113
20289
14673
29555
3231
58173
25224
25365
51976
35705
7407
59475
22307
63942
13399
27578
64044
63347
13423
48749
15252
33146
26988
32602
14826
58160
58836
48733
4179
64979
19483
16530
2820
26012
20336
20565
2104
49438
54132
31025
57233
8662
37614
64329
2411
37230
8058
9161
30838
54930
45659
55550
25065
45667
49282
42502
32176
63803
29971
662
587
48013
11847
52704
35720
16209
15070
59323
48939
23913
35419
62651
22368
19778
6887
13553
49287
14399
55781
32126
33477
56287
39253
7176
39199
16622
5254
37711
64281
12090
3742
16811
43015
7287
50290
30546
8081
8063
49607
60707
55402
8339
14627
39151
51601
62148
10418
15325
38543
6949
13959
4403
8238
37830
44267
20486
7320
53518
51650
21339
13755
20986
48967
19591
24786
44062
11058
15642
28812
18180
56655
44978
44439
12460
55720
64171
57801
35403
28804
34244
43060
45792
57161
21053
64454
24127
33393
13817
26347
35977
9776
44776
28270
18823
55745
51958
44251
30997
50752
9421
53630
24118
22502
9478
15985
29001
5114
30907
2070
23705
11106
29615
46966
3063
36258
33494
14651
49841
42077
6267
11317
51993
46119
47180
52318
55807
32286
16498
46970
24581
18250
24253
51237
31095
33321
54954
16206
51961
46107
24291
13495
58323
22935
28368
14918
57310
62158
56421
6702
24129
40558
44513
34521
20786
11819
24309
28064
21550
39366
9383
18538
42824
4572
62966
15884
7721
33934
8079
37356
60540
36250
50840
54036
27500
39123
50879
50075
7954
28050
21593
64523
49640
60602
64520
35089
48404
61799
58267
8729
63588
25519
42362
7529
30447
57056
59426
49659
17792
24702
61752
35407
18969
11815
58496
64387
23513
4228
62896
41159
18543
9064
31649
48922
39105
17661
20468
49893
23791
15607
30772
20052
59711
18307
51
64077
30003
37589
9562
46979
29857
27607
55077
35418
47843
43840
13911
52211
55217
60998
56246
28069
64403
14671
54353
27002
36428
37716
6840
47505
28791
23863
50418
50769
12413
65522
54249
35272
58265
19373
24793
40771
38720
42093
46182
64439
50948
23166
25924
333
16474
38898
16683
54016
48808
49519
48525
44161
34780
33211
39931
63027
57342
9634
27219
2434
9215
46164
52804
59633
28748
20552
24205
53044
9454
48686
64620
22537
35542
53847
71
1212
65131
59037
11987
4967
51655
55641
35890
8368
44634
2973
55857
41242
1917
23672
30419
5914
38982
10018
62033
41102
1741
46802
37517
19776
43375
41768
58627
38606
34046
27301
61007
31898
6470
3471
3541
9185
8870
5212
26787
35223
63363
33380
65117
47974
43753
56512
10027
50513
27588
25224
57330
49022
18770
23250
47573
65162
26874
7863
30998
30203
28539
49994
14282
4406
64649
15308
53916
31853
56432
6163
35676
51301
45447
16292
3384
11942
36367
49226
30438
55905
4144
44229
20194
12510
10645
27950
52160
42125
56105
25500
62502
30896
60
60380
29667
56569
6369
60391
32549
34379
55047
2449
2877
12034
6628
64777
2836
39843
41623
41316
39822
11412
50637
17187
35748
30349
30978
23208
56304
35004
39936
7807
43638
4798
47215
54191
7468
13772
52674
48976
19664
12486
43701
52029
21772
24824
16132
61917
22299
50731
57021
52850
49157
23102
11350
50704
62522
27666
1103
56139
50586
28179
12100
65173
2582
46819
22684
28032
26971
38018
36751
22960
43625
11528
50884
39658
33455
9423
44688
56610
57568
30748
40338
11427
44331
42575
4395
6951
53930
34971
22432
31375
53923
55434
33471
10546
47000
13829
29323
17602
58541
32148
40424
51518
35327
26226
52669
63376
36261
37054
55151
21485
29872
15316
20613
21957
26640
36266
52181
43348
26614
62819
59818
2408
8206
25327
52045
14141
8884
15504
48141
30943
783
29660
5000
17469
54602
9434
64102
35955
27258
18684
21384
46546
22680
64427
56446
13336
40748
42479
7923
62926
10899
49063
45797
120
41146
22240
61718
9240
47877
20704
53396
54063
22456
10689
22032
59386
54535
59608
12196
43097
17881
3017
46610
42459
8215
666
32409
10662
13609
24026
15317
11197
7300
6120
59287
34237
57762
30013
13002
21216
57464
20385
53653
3196
10927
17044
62514
34296
26714
5768
42705
63967
35071
9147
5293
13903
52461
64921
34808
14136
13297
4494
38906
3233
21381
33814
54516
27426
6985
47228
17665
62256
38813
51001
55237
34067
29991
37081
39779
63286
61925
18626
9590
26342
55076
7827
8612
53671
63776
33349
37934
44212
17899
26619
15050
25269
11484
62553
38311
38534
2920
23706
25042
46655
14441
34473
65410
45819
18905
43238
60486
28819
29979
36466
47636
20862
58153
14690
55584
56296
48221
51167
42056
62622
12189
12876
36743
31563
23628
42402
36980
46037
58452
28095
55761
1474
61170
16981
6235
16476
26818
941
23316
20372
57867
33590
27555
48609
54187
34530
29201
17762
23860
5766
25879
32427
10636
21536
42790
24128
10706
31460
65370
63566
57907
59595
60638
51910
9337
3308
28977
27617
10960
63383
560
15418
50983
2602
52197
55182
64010
45190
58262
40440
3987
789
6293
31533
57590
8581
40355
8542
6075
48928
21259
26596
53292
45322
39140
27852
3258
17150
39082
61450
58604
28513
52486
58674
55935
55996
54373
58621
28602
17201
12315
33095
40606
60877
57243
23440
63236
24138
1912
55226
46347
44630
12696
40005
8418
26128
55115
61321
25073
15770
49831
23132
6878
43633
46835
35842
30073
14409
19427
22268
34171
54732
14045
11965
52787
64884
48065
31471
6765
927
7756
29379
53950
62062
22047
16054
22218
54339
60785
54231
53672
64123
37804
11792
39147
21600
17566
36079
33390
4755
42996
45683
56846
12440
61530
18519
22825
35193
46375
38091
24407
50943
17195
36074
27125
35874
39524
5171
40692
4368
39948
50284
60924
10174
47681
64004
16808
3457
49987
8408
32954
48416
60652
11542
64251
47079
52263
47732
9848
41936
23280
64299
5935
34254
37813
46217
12933
27646
30381
44907
34614
19687
36437
48274
43537
20534
28210
7849
6821
18067
55567
43537
29764
29688
30940
39570
7546
32072
6851
41190
19153
47415
27108
26025
21829
41586
280
2070
50627
14020
52802
33629
44192
25450
29569
19951
12101
43650
274
60629
25320
22220
29461
65424
53661
43306
45691
55059
64776
17743
23518
40185
24800
23652
45236
54907
2730
49307
49977
59227
8745
45844
14148
56421
28927
55813
9293
19226
34172
1203
7693
18464
31382
31404
61669
48836
43884
32965
49025
54679
44944
55266
64752
23313
29438
19893
23791
17381
61562
64512
30340
18609
54619
38191
35237
4184
43180
22108
6954
32554
46696
12635
22589
49229
12663
1189
36511
65518
47272
5828
51162
31935
3561
28504
45767
23668
50340
43409
40863
31281
33803
33975
64535
62682
53235
40669
1391
265
45073
1992
40606
24691
49076
14665
61946
40596
55968
9118
3047
33556
60398
64887
23616
27322
17100
9163
23209
54542
48032
59477
59184
36261
20888
7952
48562
7522
9914
36617
35862
36909
20931
27042
12384
42578
26849
55390
8765
4728
35001
51198
13823
32827
62346
9188
56918
11646
919
35654
9913
43593
47035
51433
37377
65275
26067
37841
19414
44345
21774
42088
64687
50561
40391
46366
977
31236
39754
51162
45364
38264
27961
29447
59878
36585
47035
18080
50686
17296
34595
29861
25294
45467
38741
50142
43943
36996
55624
31518
32744
62744
31115
60538
44160
38159
57457
64963
13185
46306
6146
63452
3113
58422
54406
37778
13632
31238
43713
23631
47795
59644
29889
28131
48356
65167
2375
8606
37288
13748
4779
61449
53772
48788
22501
6958
35604
47298
32173
52894
51808
26193
63224
57565
42564
18367
48617
25595
44331
1993
59168
32722
11228
38098
31918
5328
11391
32254
41431
52272
64082
14119
20150
19424
42483
14793
20373
31756
20337
25278
49832
320
25226
41871
31661
51508
51921
6475
27813
37177
44504
31175
46108
21764
20845
30955
64344
38498
63212
24309
20953
61470
51529
40499
52911
10729
55732
57961
42884
28968
13108
58180
20763
53377
27007
919
9394
63384
44197
32696
4595
57128
17714
36449
15701
45688
23659
59743
33058
61741
59819
59983
23001
29575
10228
40793
18183
60452
35972
222
29335
28865
23930
22068
14282
48582
32638
10063
20320
10009
10758
24107
41846
51368
30144
64378
28896
6771
38718
21310
6066
51922
50906
26368
45015
39938
26371
38744
40023
4114
32094
65013
33869
54662
47093
54714
52918
6787
32477
44171
17941
60151
44107
55611
42894
52425
36551
16974
54077
18413
42116
63234
11591
14886
40212
20509
8886
26288
27821
9347
11999
55455
57254
1685
8334
33377
53163
26359
46598
59223
39211
41558
21636
46344
56976
31426
11007
53661
18827
13749
53685
56852
48153
21760
8090
50764
5279
10571
31077
25698
18339
49663
11176
43044
1204
35633
58417
7056
45035
29362
11720
9762
14880
1107
6697
11201
30275
61337
41317
11207
36637
18928
63349
21264
12820
20090
13309
44146
61916
60219
29835
11214
20225
12839
43298
25735
7964
33620
48944
44125
16270
36106
37588
48726
21334
38079
65431
55467
4812
41455
62861
61990
51646
25999
8889
45250
58444
43086
8106
32826
21178
45041
6632
14154
22415
32864
47933
57407
12219
17991
29997
13467
21489
60559
33284
58966
14675
36698
46472
44592
19913
28871
28073
65497
63337
56250
17211
26159
15415
44780
52927
39045
11384
24746
12540
32338
27226
19755
57764
3670
16383
8202
44255
38511
61310
32383
45189
42754
60
29377
30219
47276
6828
48994
60404
28038
34900
46009
25517
19360
61391
44707
4335
11351
27640
56276
56415
11237
16397
55406
48044
9620
42704
39803
58322
9871
30320
32322
24846
64063
35340
5450
61309
43055
7704
59037
15031
40488
30856
12704
20730
2060
44889
60889
17535
12946
15207
49989
10499
12132
28168
28708
13039
56443
27853
36736
32287
13238
26375
57534
36424
47484
56141
4848
51599
54709
20015
36294
52509
60823
57874
49712
62405
9480
55017
44410
11117
32825
44050
5982
18923
36851
24104
22482
10211
33440
54905
54041
17136
56020
1162
20541
32535
57950
49499
38640
50229
9607
31036
30335
40034
62160
16639
30420
1513
24785
9149
54939
25271
64681
11265
47393
23365
30447
27754
61368
19528
2678
11365
21476
1829
64724
23877
3409
63615
37604
47022
47451
54738
23091
62356
1781
5179
60518
8395
979
51278
33361
36470
5103
64547
17306
46645
7803
45477
8844
55199
4894
59191
13508
8770
12029
22780
16088
49450
20933
17971
41727
44105
51597
21318
7090
51775
32738
53597
4700
24131
63403
55786
28619
53513
26173
43281
57574
49307
55688
63909
44973
43935
10105
32747
31108
10756
54846
52415
31512
33879
18086
37125
20569
23624
29612
12066
20819
10657
41123
3363
38686
57786
25590
11440
59062
38870
44779
23341
49389
44677
32682
11646
10131
19369
10967
52886
31520
30792
52472
53386
54878
24110
18588
38592
2786
37879
62109
25272
26588
7927
20245
25354
40993
24251
8400
43051
6810
11983
48537
45110
26406
53175
29203
63234
1342
9921
3232
61379
29532
61739
47361
54703
28675
20835
24066
15139
23661
58856
41253
5181
31439
42407
1284
57743
58709
42972
54250
7423
531
44202
44283
35497
53906
24214
30439
45212
12985
35848
11446
8267
8233
5427
57743
28536
60331
31889
49638
18000
43080
55506
37941
14500
5154
35910
1308
22970
6155
19037
33232
47138
50767
65212
27423
739
1826
60440
11527
10526
28916
37996
23702
21071
39945
45911
29461
60393
45497
18545
14153
12132
60275
8605
9269
62955
21598
3011
11569
38915
20168
39857
43850
30573
51992
333
49791
6349
42256
22240
34424
37290
15381
24984
750
57496
10266
31832
34331
11173
43950
35828
26772
9620
19055
33665
17051
49347
37359
16232
10110
43747
32487
63651
26210
51584
1546
46484
59880
59239
7658
59497
63709
34514
54320
35951
16135
10198
2005
63556
62606
59360
33221
5957
61181
25491
45357
8754
35995
30364
5850
46972
51843
8540
22178
49284
4782
15019
4014
6291
57081
1841
41011
31999
17997
44617
15224
19293
50910
65333
35808
56289
32023
58270
10181
32946
24057
52076
54219
61219
5018
27905
21176
20033
19936
43526
31826
7019
63670
7644
41243
58876
5621
35606
7397
60045
62045
1450
56816
64907
22563
59573
14484
53819
55382
20063
52573
60149
16953
48308
17621
21281
64438
10324
12399
10730
9769
9846
36171
24330
882
37453
43292
63017
19916
19822
44006
19434
42104
44172
55243
47281
36881
11751
32824
23974
60345
18282
28202
40161
2007
31287
18290
32375
6331
62831
37578
51448
28459
64688
27274
5136
43713
19910
25561
5909
58213
43232
26878
64189
208
41776
15079
18585
58982
17489
29917
15535
48182
59069
27852
53566
46108
62650
15654
46516
50491
36665
40235
41166
49923
23399
16294
33350
58039
14053
6361
44211
46638
26772
9398
137
53248
39720
39300
63614
33751
10976
13330
56474
64523
24802
12020
10498
26420
11837
33563
62019
6263
36544
63998
1302
40639
64047
17487
14382
56535
54062
48677
31381
33890
46088
19213
32911
31943
47970
3641
19322
28406
55251
37024
48649
61876
54771
48527
25715
41746
35695
42492
49741
30150
22455
5150
21785
25302
57109
64935
16535
18654
23680
42217
47191
5275
14979
50430
5236
35863
7824
42114
3422
53457
3274
26782
27808
792
40755
2220
14081
33074
1034
37970
2048
15113
32911
24470
50461
11990
58511
39718
31465
64260
22151
43559
11111
59716
61888
19207
2625
59927
59786
31703
18086
42671
54366
8841
21019
30059
61341
16864
32888
19427
36479
41747
43129
33970
9778
47887
10719
39335
62045
54603
5946
18634
45226
3495
28228
49518
4583
31080
40277
53659
40188
64397
35073
24904
26863
28641
2176
36892
63131
20407
35319
28787
59749
