22674
8913
60646
21848
40711
43734
24326
512
61145
14096
9462
63353
9184
42506
15839
22144
36245
50330
54936
22617
47323
32725
61443
13287
59410
23949
33347
34445
38302
12546
60906
37666
1834
54068
47096
35711
8303
44659
59744
38303
53278
19562
45719
5214
64376
16343
61665
40529
34033
865
20902
29036
60827
11324
8119
51460
5618
4091
9515
15355
60727
7823
5562
33974
34988
62582
40180
41427
57496
14883
37140
6017
33186
55217
21171
39951
58293
62197
42628
58357
36489
57110
35250
58313
24342
10644
1437
24500
11099
23271
26121
33898
20744
45848
27315
39418
57231
49679
64845
5567
