62219
48236
56090
54303
51890
49840
34089
19257
23970
4314
59420
43923
28065
732
57808
57445
36510
33689
51286
53625
42471
39538
24768
2924
24825
65286
37176
64911
30060
58382
50626
45034
37722
8327
39734
62575
16593
61938
39487
58742
34649
51237
47990
65041
53694
49878
32493
42958
58106
9128
33822
51339
27534
43837
27121
37664
41002
45496
40114
8643
18676
39407
51025
22594
25265
21053
1907
34693
20783
49452
61712
8529
6567
21829
53272
5686
1754
59030
50255
14895
45537
14181
1221
61864
16200
35968
31611
58496
1422
55762
65202
41641
53480
40595
51771
49282
38040
35871
56666
27382
4210
50588
29630
10130
29456
18163
33029
52725
49931
48316
37750
56137
40704
53729
54093
26639
15982
9346
1328
17731
29090
56358
61391
64351
40413
58916
35377
45032
53271
56069
16752
41621
20763
60909
30008
5771
12169
35597
54616
59950
46415
43570
45030
26028
22177
10317
52577
30594
52695
17404
21601
57141
31293
51994
22498
29903
40620
21957
47771
36123
1131
53873
44756
59114
19303
59297
1019
32503
24236
64170
45872
11100
37269
18940
16344
48415
40489
19226
56974
17768
57954
8095
34426
25385
62820
18726
33031
31367
11671
64706
15897
51709
27358
39535
59888
36882
49549
7608
56235
53288
8710
45143
43386
57691
17772
32539
37219
10829
25746
19267
17906
55653
47627
42670
22461
8927
43325
42460
2997
39483
5183
22267
35711
9408
44657
22798
53046
37899
45474
17976
19227
28794
60644
16090
49512
65193
5726
3430
28657
64872
27960
25871
7597
59980
37255
64382
36443
974
30812
36045
48636
48737
26197
40570
38840
6227
32142
39583
28821
13663
47755
39500
22224
39284
46972
61020
7385
50519
3183
49128
19184
22014
1137
36974
17582
4957
11352
112
6992
15826
16271
50268
43216
45114
6359
49669
50
13493
21248
9817
27694
3447
12447
45517
37853
6232
52142
24832
18735
38557
34616
55378
27420
40206
32913
8600
33233
3504
8745
14339
51969
18608
60200
25480
1727
61915
61230
59332
59935
20371
3387
5888
10505
47379
28080
9488
13588
36059
5222
7890
45281
61221
54684
23671
40654
3653
27469
61077
2714
15422
13788
50401
37669
46760
28042
30407
61698
47742
12932
46678
16655
53165
63683
16091
36406
37465
60905
32072
53564
64670
57028
307
15752
10491
7736
13836
65148
39225
64813
50476
36591
44942
22901
948
16840
26374
22687
64878
57042
61770
54787
32637
18243
55354
47661
61715
50979
32776
12171
56066
38582
54959
207
55283
54882
21942
41494
45932
28376
15361
41247
43134
58237
25806
28141
14632
56332
17185
4577
24072
23186
7565
42683
2094
61175
23420
45415
49721
61575
41955
44927
50350
54412
11634
10063
4261
4017
62093
40034
17216
20522
14365
14743
65501
45180
16751
6278
2293
24948
14903
59245
33404
10936
20981
51787
41114
65130
56398
55769
22789
141
39574
3830
49442
53702
27395
56803
21303
24662
13672
18825
9286
30820
28611
27532
37240
4385
46020
5768
61259
61998
45207
65481
32431
26964
65252
61985
6750
11904
8421
9318
47942
46329
34646
869
21105
7434
50231
18707
38391
60642
49033
60479
5159
35543
45900
45327
62597
40004
36726
29154
17930
34585
52357
48703
11217
16346
54878
58115
56066
50814
59955
34079
23282
52423
20200
14311
56199
21694
65184
57649
17805
24056
3399
49139
20525
11908
49049
3125
38626
53767
63703
51608
19848
20725
36581
56357
51132
29919
1207
50139
3010
7125
30545
63383
54037
56050
59736
15979
17775
5524
59307
17376
65387
46342
24085
48329
25686
14440
58744
12105
29461
38636
48570
58468
40827
36924
58235
1654
15348
23369
33221
6892
36066
38720
21996
58612
25895
14870
51549
7597
27665
6081
17177
958
12616
54384
31150
18556
52004
58553
45682
19576
26500
53902
51100
39302
34924
60333
27209
58112
6371
7521
14604
7385
22197
58569
22201
14705
41410
60282
48846
44270
3651
36424
37999
56184
27165
2330
52127
48991
4216
19971
101
2102
57597
57389
12475
22035
47340
25401
39587
4238
50056
2509
38256
56667
25050
20419
5707
62286
56804
5130
31187
34556
14971
21470
55559
57347
53936
50377
59261
31789
17017
18108
33275
8678
5223
56882
21173
19468
30301
52314
54767
26221
39704
60379
33265
3435
59538
55654
5605
23732
44835
18118
40721
51126
494
35663
8262
34312
21015
32561
40724
62585
32244
36694
56996
58963
25955
60500
5127
32886
28353
54520
12833
61064
2620
8660
4135
27404
22789
25080
34580
64062
29855
47001
3661
31526
44572
50917
54737
1509
31256
60714
21934
28325
62337
34822
295
1258
39373
57676
32762
31336
31726
26412
24344
35280
40232
42844
1592
56560
64449
13976
36654
63800
20462
26534
57102
61417
24443
9535
35089
29363
9240
31184
52762
48842
24389
36532
9977
8562
11609
39777
10449
55038
32392
4014
38474
33917
49560
9547
7859
36104
27951
34642
21998
1221
26592
57507
56519
55772
22232
51762
64163
46584
20582
23969
2056
37704
19437
18621
18375
30079
12894
45055
27063
22810
1759
64569
49885
52516
13936
10966
6356
16151
42151
2450
26750
13271
53378
3675
32752
19650
17897
43635
36719
24041
55621
4265
49366
16674
45388
31108
18361
2791
1469
53818
62195
21396
5322
54586
22935
6255
39921
46933
39126
26382
6414
25290
17633
54309
52724
11719
27840
35501
63201
27719
43897
39996
30813
57754
59225
10882
20126
46336
49781
49728
19624
34879
34010
42463
38805
16136
37346
53611
9651
20101
34443
40448
10367
41115
6353
8974
40187
42229
42502
12836
21293
18386
17056
33458
31144
48338
41471
2818
11866
6256
15274
62960
26035
25391
48936
39538
26859
55028
3695
10533
32915
12512
3463
59370
57290
65021
17451
24169
10185
42901
60146
22449
48564
22482
6325
53556
34459
12491
29901
36199
46166
51733
9874
9873
4405
53829
50205
27260
965
53337
58061
20628
5519
54972
49469
27917
55850
19087
17584
22404
37438
45009
30508
32351
36123
46895
40372
65242
6000
30909
537
33406
38145
55085
38177
2272
28313
47521
9926
29637
25096
46706
43258
34741
64788
55252
5796
35842
36294
45807
5224
904
57204
52866
13384
10943
48442
41542
33089
20282
51661
56945
55797
61015
46806
7561
7970
37939
52350
25065
23136
44374
33227
32443
34850
38881
50019
43950
39424
35683
32855
43220
21033
56513
42304
51802
8895
30795
33535
30992
20785
49913
32933
22739
45165
41398
56
26729
50193
28671
56444
6807
6201
32260
22978
48647
39310
45808
49704
58173
40899
37221
54536
47561
30978
5510
7726
54751
52122
47939
26534
52332
16489
19781
64052
44429
15780
7357
10155
19926
6260
17724
41789
5308
7907
11198
21719
25817
42550
60438
47181
757
2043
15922
4493
14904
14116
42616
24175
51241
49508
21061
21421
13094
37141
64795
30887
34472
1744
53887
26752
9620
24212
32672
44980
6450
5050
53471
52545
38975
26857
22280
8140
48089
27744
45173
9735
39514
13874
40182
44333
33930
28564
20962
63120
29126
60074
18459
11799
31637
9644
20492
779
49049
58058
9506
4898
54200
11542
33857
40526
24725
48334
6750
34982
37913
33179
17728
21459
28838
19294
13939
49847
11577
37448
50824
1122
4125
38107
39055
499
57683
20555
28094
3450
33907
51682
11800
27861
36660
48662
21297
59293
44286
27010
49415
19791
51287
60830
29555
4916
56410
7087
55749
19146
18215
11180
58501
58873
36522
55458
4453
63148
37618
43169
55499
43541
37582
34976
51926
36182
39890
33046
30531
40884
4244
42897
53051
43367
49446
20702
62228
6778
25252
16297
31963
24030
30397
40442
60490
17148
22354
39938
9381
6449
61354
54631
45889
3599
13023
60363
46595
57042
12952
6506
18081
47039
51748
36186
41685
17464
32837
10496
14901
47783
703
18069
52633
5185
13194
55613
6264
29575
35845
26404
32679
11615
12124
19584
10763
41204
5697
39029
43058
48828
53521
19110
64362
40404
27459
25216
54415
18618
31475
23466
38934
6856
40083
37961
32870
17728
55959
36191
62767
1124
3502
50823
21626
25657
20468
13967
35973
59113
2925
14373
63076
1684
9589
36873
31895
28045
27121
65471
4221
1646
40823
38483
38523
23424
54270
9432
21080
33720
28566
31664
48447
15557
3730
18768
23732
58435
50398
12089
24677
9560
4285
21649
21332
34919
65363
3502
51496
8310
54142
46401
18249
12298
52224
61938
45150
8805
7178
9595
2219
12300
41401
63519
61012
24980
32700
56183
36709
54601
40895
7275
1973
23
37634
55933
28317
47409
54057
28016
20602
7924
17950
26362
6670
36828
59967
470
45364
11008
6070
39778
59926
40345
4655
31309
10241
51559
59578
5345
309
46560
55687
15338
36175
3664
32129
6347
38788
8728
55083
43292
65107
32422
2549
56231
9631
58180
27871
913
12599
35438
1047
46758
26891
62217
8032
54222
52505
81
22363
25758
19575
39210
9533
19468
10432
62134
8871
23827
43666
23376
41264
9357
31411
49871
60916
43158
38517
16991
24563
33024
18714
46223
26293
3411
47602
53101
14300
22469
3450
20754
32244
28070
1508
28231
27386
31926
24981
5744
45857
27971
51313
12492
11627
3945
64622
8029
31191
9253
43158
12494
55808
2668
51618
59224
46907
64152
20673
64557
27758
3084
59043
46085
63645
34745
29881
44154
18690
24414
21664
2449
42466
55023
29280
63888
1610
13286
58975
26053
15300
2013
61730
64126
5215
45238
46844
6483
25570
18778
16402
61292
27648
34606
29369
24181
53854
21991
27681
16034
35456
61175
63401
46706
64826
1526
56137
25390
38627
43616
38440
8559
5003
6105
10218
46116
25909
58966
49367
39271
56078
14755
54690
61993
8766
52186
35803
24994
60031
47827
12414
61279
53320
6133
54091
12923
31408
58334
43475
51969
30016
2218
44904
52015
26024
57236
19594
65401
10665
6976
486
44477
32060
64568
60704
62807
21198
12825
8672
36514
41419
17061
51228
49761
53830
31941
24335
18671
18738
62398
25830
64950
22816
46397
63469
13412
49278
59744
118
37847
28987
4131
22909
65509
32666
8475
18448
37966
62390
32313
10862
56662
47103
28134
10168
1043
38859
64884
10243
52749
36177
21668
12100
20948
55132
45229
41240
41963
14441
47916
37242
27521
555
14685
5670
63789
42257
29774
20309
5291
26939
28184
36796
1838
16730
61531
55942
19862
43480
54190
28476
46137
49522
51580
49881
3551
12344
62112
64574
64060
43069
53096
63235
36928
28934
33630
30983
54359
23753
12183
60095
61376
23666
7323
9448
410
3672
43861
13301
55836
35094
52436
13935
22618
30359
8798
27643
63251
43721
28475
39818
33341
20123
34663
19907
27526
40395
34489
29485
14908
54180
34194
51235
29838
3918
62046
62833
10053
19914
49143
12217
20096
24678
32020
48399
58291
14191
32798
44329
8657
53876
54965
59526
10196
51817
34215
28338
37556
60777
4691
11636
39807
40665
49473
14060
40002
55600
45559
26433
8666
47254
44636
40331
46965
17959
36588
6967
37690
8086
13722
7198
9400
46780
21623
50947
65210
4880
40377
41196
51939
57785
59693
44576
19630
63297
6312
17401
1460
39814
14138
5078
30225
32559
6537
8211
33916
52361
64942
61173
44654
39145
2826
38903
583
61162
57755
60706
10820
49634
65245
27498
61499
21163
25588
29495
65131
43130
20876
30111
20173
47320
46989
47777
30341
29672
9448
17012
57665
7970
45880
19072
34043
33907
18749
34936
17287
47808
36527
43320
43733
58600
21219
60738
54120
35142
44624
25814
45165
19065
35026
55414
17135
52377
58841
41407
13604
4557
30008
42041
42105
56543
13509
22573
1073
21930
9430
46032
9316
19711
5900
19209
17698
60925
14775
24479
57137
61115
17594
30624
7107
2458
65347
61588
25336
52141
54304
16603
41581
2890
42492
7329
985
15442
64260
21928
17860
27997
23924
41947
25785
48932
54160
53307
38946
15277
44528
19712
9906
41068
41664
29754
22808
53868
2076
8137
13624
4443
19090
6766
47455
16775
56634
6504
40408
29627
31624
17793
60685
32511
23285
1943
46290
30789
23995
2734
64077
29295
19133
14797
20331
6793
60129
64952
54372
466
6873
11399
40693
4696
39157
49311
5736
53779
21562
35616
7867
55747
12970
6995
13110
52310
35995
33311
3953
30877
3498
23155
1280
32672
28304
46832
40824
29875
50517
43274
38876
25376
27176
1333
63648
52866
55183
29609
23630
7074
1398
18482
24710
10899
5904
62105
34368
34993
32832
52760
38790
2517
17798
55825
34251
37901
3416
7535
27564
23872
49922
65123
43308
46099
32559
55136
61062
4642
62308
54192
4727
33409
50972
1568
8147
6893
43498
13453
6117
42195
12145
52943
32244
62962
15505
20981
17808
24048
6788
57070
53683
31617
55386
20859
47996
62474
30254
60059
19812
54803
23673
14202
33444
22153
31703
65161
31722
1242
48576
7354
42074
63384
50168
11990
19736
9048
55986
36434
46681
17547
6484
55760
27596
43391
46515
51721
31912
7648
53699
51218
54567
3294
30732
62063
47385
12201
59575
48138
22937
43371
65362
10799
42748
64532
41893
13811
11971
48192
61726
38590
21678
40363
56924
38537
3633
51760
17750
12349
46380
10546
64006
3799
45723
10512
61166
40542
55763
21126
59965
28187
60053
48057
21111
8936
14440
47940
3324
200
5489
7356
6313
4698
45472
50494
39060
5798
20904
22560
37511
32449
57975
9647
22548
36518
4482
33055
2870
50276
3786
7643
36729
60143
57130
13375
19490
41270
26607
19650
23697
38213
50180
44577
13294
60496
38002
13317
22837
53982
14057
9718
12553
31918
29345
2648
18233
5286
56479
183
11893
64627
41369
7968
29209
51510
774
30686
58132
3907
55631
64195
33775
12379
48837
15619
39002
30062
499
29761
50965
18751
25593
44058
1328
30182
57708
30316
59580
39226
41000
20875
25459
10805
22781
24337
6001
15809
4943
15088
35705
5088
44640
51615
7756
20447
40843
9266
60134
36466
31672
16612
52294
57288
12660
38394
26640
4664
51449
37833
29074
16844
18967
34879
49627
2114
60005
55637
50805
29290
6341
43392
56105
6626
50007
56676
44284
56914
29097
43845
26806
51647
65087
37754
24259
25434
30887
27846
40298
25207
51383
46289
61680
34374
1067
50884
13994
37979
11324
56493
11917
229
1632
62881
48901
35251
50435
58774
55607
19282
7748
24477
55502
60885
5675
51072
28177
61041
53683
31639
11229
51158
9324
53188
52163
56525
65442
52700
30282
26884
9221
19900
21964
31635
31857
6030
16396
55748
9329
51118
37594
44318
8480
37867
52099
25009
58621
30340
3641
39693
45162
12265
48477
35463
65409
50220
19795
19549
55789
52077
5035
1671
32335
28460
26057
47923
38519
36135
40167
25396
20455
26322
64089
19761
42290
53157
49022
41395
2541
16249
46595
24256
23086
26873
53426
39643
38102
1666
15874
4391
239
43338
1385
8985
9989
31166
38474
6990
59538
36233
31552
55907
27091
47447
56772
25429
24298
3920
52621
49485
6140
44712
6066
54243
539
41453
1024
26479
55253
46140
54957
12341
35095
18028
38419
14177
28647
38232
5396
37545
29876
29808
18963
34337
33903
20773
11125
48644
55946
16581
4184
1974
28621
11149
13696
27870
27851
8455
28150
3603
59645
19870
619
33069
11074
25498
9398
33163
20670
50555
58651
22021
60371
14044
15111
25112
29086
60581
30000
19259
10775
64257
54199
37625
15052
18518
41029
43994
22039
38387
11601
22905
47012
62356
24949
1372
41335
10680
61509
33112
60001
53800
24835
44313
38096
54583
12973
41632
46526
51040
41060
18914
61725
14626
31984
49399
35594
5392
51310
47627
40825
65114
59283
31588
30055
39832
24194
49223
37092
51052
298
22640
57768
20044
24230
23152
62176
39185
47697
59286
9555
23122
31264
26409
20593
56025
12801
54454
37148
26226
34400
21812
63659
15556
13134
3771
58379
27418
26727
46194
20692
2379
34766
21118
28651
7781
9470
49096
8254
23436
33681
32173
22682
4833
22075
51525
16122
677
26664
59683
561
12784
12107
8426
1365
46071
51797
3136
39959
25766
5127
46918
24042
22210
34629
63041
42685
53046
38568
4677
14715
21480
20606
65085
37974
36887
64889
48143
10073
50774
48376
32304
50040
22405
22543
60315
44717
50874
7096
46199
52228
62116
15224
27863
56878
45646
27612
28934
41743
55846
65411
10193
47206
49029
56755
34087
32802
17688
5529
57233
19597
60581
35599
39981
53783
50798
45497
36103
34544
9501
48603
21837
61969
64007
19424
45739
14816
48405
43532
51061
35820
33161
59698
65354
32775
3228
52494
36003
541
19143
61690
29013
13419
41884
5109
29366
8982
53597
31431
28962
24878
54644
55234
60093
13469
24735
38875
21703
16906
15081
49958
15178
42957
58598
8690
39867
23963
53859
43996
29589
19425
753
39620
55170
59258
64833
29706
28896
33567
6671
16127
52377
21145
14135
56536
53104
25574
58381
28998
3817
680
46844
47901
33223
2719
61304
41507
49488
58576
52408
20644
50930
62353
55219
36173
4161
9767
61437
7758
4620
43215
56179
19384
59186
31412
1543
29630
46255
12260
16280
37589
42563
12034
20398
37484
59205
61041
57447
32224
35049
14400
2298
7824
11667
31740
63985
40014
53691
11054
64262
64091
52336
12041
2764
15093
30928
40986
29198
27171
50164
27392
7511
7355
56456
57667
18512
47521
31096
60037
49573
62497
47838
30349
21840
29195
18444
31286
27777
36769
1678
8240
519
23088
16263
45788
14383
47246
9736
11355
49047
6075
52550
9066
63290
17976
61111
64571
28497
21023
34935
4353
5530
61994
43594
26733
64480
65076
6645
33478
62095
43935
52067
9703
41279
16803
46590
19925
52461
18739
62376
18914
25653
44426
29953
25232
2060
59112
38674
31047
21571
16744
15019
33390
40747
23527
20538
12964
1790
7937
63092
60263
22681
33613
19198
21527
35612
8518
16977
20364
63847
42948
17756
47212
38242
55319
62605
20063
43878
39582
52466
63385
48160
46076
29710
60053
54487
19928
21546
54696
52952
36841
38771
9860
10108
50639
13107
57940
51203
63185
28660
28645
7617
443
63131
64449
10413
4718
22470
51033
22710
47496
3919
4730
46074
55667
1555
61388
1243
17626
47784
21484
30260
29471
38195
5755
18731
29091
18005
52918
61697
9997
16616
24441
5411
58042
13555
47571
63103
52727
51193
40418
21959
60
25859
46138
37794
37506
36366
3314
19751
25661
5212
23027
63183
46311
19090
19231
60980
1534
35870
63344
60458
32879
14013
38961
13507
31489
16219
65374
41344
57693
65323
25612
40538
35885
8291
12856
16240
22020
26314
29803
24925
54663
56276
34244
58227
27932
19229
14116
40484
42326
370
37495
57718
5978
63920
11075
43954
47647
19666
12966
48730
58561
3970
59112
42487
77
29469
13886
48713
40783
57118
18842
19155
31211
38373
22854
57233
56146
27928
27684
36218
50251
19343
49944
47870
59788
56281
41425
37317
49116
2055
14855
46380
33050
64228
1783
36591
4184
14232
22727
904
14625
22512
64390
46370
19038
5353
47040
58656
37499
6200
30987
43063
5337
59532
41648
26149
59762
54387
55513
49869
23365
38021
38260
39527
62133
56877
5969
13252
33209
56487
47584
46197
1894
4079
42307
29559
32582
45293
15656
11336
36782
4351
32716
38260
47150
42501
51535
46077
17624
23693
8588
16232
46336
35755
3636
9187
33767
53499
43973
54725
1214
48287
8308
24015
9636
30408
39294
3448
45349
49158
28191
19328
17948
40347
61298
38833
51638
34197
17691
30597
41420
32635
29207
44758
44180
60039
41066
35956
22348
55744
57397
59044
32722
15650
61621
57686
31995
38581
56472
12857
14636
57886
24141
11275
60986
53348
11481
6701
59520
29476
50724
61778
4304
44861
45474
47161
798
57345
62764
5658
18173
44385
64066
20600
55213
25919
615
33451
43588
38276
2562
51201
15539
61699
37942
3678
10704
6821
26249
37607
56817
52069
747
43432
23203
24478
23385
47549
17627
8274
25185
50708
35493
9550
53612
64554
10201
4685
16633
12333
33352
40956
51398
12681
53937
29741
16404
38964
60937
375
3465
28581
58409
61821
31927
10419
7495
17110
63522
2481
8014
61254
23171
46552
32395
10986
54630
61069
58811
17731
63443
55970
61192
48273
25189
17264
33384
59707
24183
46863
60989
26468
50564
50945
35735
45417
51178
37107
30998
31774
53614
55223
1008
32555
51860
2839
59345
8832
10113
60406
9973
8353
25401
35353
26113
47106
65443
13223
63098
55157
28850
60903
45317
17043
41283
54168
33847
30257
24528
3514
63633
33966
53202
29532
28650
21277
62409
14254
9080
3123
13941
42154
41030
65415
45487
55610
61852
59120
47044
20599
4563
7442
62906
54018
2738
675
3672
58391
63944
52282
65214
21719
45112
22554
12279
44180
8503
9593
44244
48994
46920
31929
12369
61769
57522
59833
51930
22694
22838
54013
63724
42873
31537
62416
60955
49801
15176
11640
51610
40547
45733
37941
7983
62995
16538
16563
58437
43789
38764
52183
63987
41866
32754
45849
18045
51659
30072
33271
5524
51655
3803
38323
2900
54283
60195
11195
50266
9836
35410
44662
54346
13582
52194
42379
4578
26591
16014
21527
24306
60134
7667
16398
23546
35138
10734
11264
39952
5459
42738
3352
29811
7142
22365
13280
19540
45944
51639
19168
56626
31967
62109
6262
23270
57325
36477
57380
24095
53073
21202
61800
42256
42561
24544
23720
26967
8029
26257
16565
29977
5443
35380
33796
61067
19777
60796
59639
64899
45715
35492
33688
59454
32482
11456
21916
65367
6198
61641
64785
48462
43722
29167
9667
40132
27298
27954
51827
650
54231
13376
39229
41633
5994
64338
59643
5885
10025
38014
49915
15531
56709
2638
29511
14751
64563
10719
7243
5436
42779
39381
60966
63020
61470
65285
1747
31867
47776
29071
50772
42802
9914
64562
10224
11342
48585
17551
34053
33923
22310
18132
6982
31496
4129
6629
37651
52392
22301
37732
13409
30601
12480
38252
12071
32961
45796
21452
3257
17814
38809
63336
25228
21876
33044
40062
30635
14779
24274
41690
53552
63283
1458
36505
43997
55224
4200
64683
9644
57903
60456
11057
53590
36599
52248
26751
17227
24535
23567
59278
24947
9309
22353
43064
62657
47004
18747
24371
59117
40044
45488
64403
19252
46268
50622
49518
8145
32344
10257
53854
44318
61520
55169
52798
60237
36900
55792
10331
189
52897
1723
40661
22978
8223
170
34111
37272
52609
33096
13987
62662
30805
7470
42196
5322
26760
5673
31517
16213
57441
5669
28713
14046
1898
63778
32490
35468
52527
27385
27482
39362
37668
60385
15596
48852
10951
9824
2761
44924
31860
9806
62263
58665
15810
29002
11262
33908
12690
43683
53699
11090
6533
2224
59711
23542
26762
10543
22979
1674
47136
14869
32312
37696
54576
62240
26814
64133
49396
62651
59772
43097
62103
17198
54059
15678
49954
47590
28939
5538
38839
59905
50420
711
37397
44891
2075
9832
40615
17216
46058
23876
21619
44900
17424
1543
27882
59319
20353
58060
53933
46422
5508
52175
63562
29802
54451
63971
30008
45676
12498
47780
5950
40309
35749
45558
17403
30901
27347
14684
40579
7287
16156
46109
33053
45589
57485
28311
25702
23440
57285
6759
14110
33974
11566
29797
20393
50725
47268
6467
41245
11980
62043
24513
8391
15954
28314
61839
25897
37826
45708
49245
64291
60404
8089
64485
26506
4824
10802
60340
24868
7724
9268
54940
45999
17165
4133
41667
58239
1770
45299
12576
61863
26625
12630
26417
58306
33830
29997
34993
54738
45540
54912
53379
55773
294
56135
59660
15742
6389
38413
44833
1597
27956
17612
2927
15054
2274
47836
50530
20286
28792
27820
28220
30851
40192
11034
27215
59614
43869
34144
36799
13875
11418
2668
1331
17341
59011
46476
34321
16468
10898
28026
37666
15030
19903
5095
41417
17257
51366
39541
20339
29614
40842
49090
1383
26576
34324
40827
42888
48697
34801
37664
28303
48628
54436
46689
5656
64894
45159
3667
21416
19552
25959
6162
59453
26950
607
37184
46302
1123
43082
8590
52603
42076
20205
44447
45513
18579
51438
4582
29875
34783
44752
47309
20913
12441
64658
40660
65099
21822
43278
48336
14945
53873
12842
45501
25323
54120
60034
19146
37148
36016
63195
44133
54981
45114
28389
7808
6537
31999
36595
34472
43201
10579
63009
30656
58698
29105
39297
10269
55379
24811
54820
7876
22951
59219
17086
14246
41579
3055
32225
28718
36475
37407
32339
17439
42658
24524
39611
48179
48246
63266
22572
15979
41289
12691
35252
5860
55760
38955
33406
37333
56377
18169
46745
18143
28417
55834
62972
64521
7045
41802
27190
41317
60552
52006
19923
18851
53425
6625
46219
23688
33580
44465
49694
443
26374
10929
14847
10058
62542
27980
31487
44472
64567
56118
32600
33811
57513
252
2600
11606
5389
30555
33937
29831
22814
4153
40262
32351
15844
35071
60664
20612
17802
53339
30112
3374
11966
21111
49193
9259
30266
52917
21558
5261
119
50433
22802
14080
57806
58776
52030
17854
24801
34909
41530
29919
56952
41861
20756
9522
4571
58075
50252
38859
38348
27574
42610
206
19637
7670
57259
40758
58252
44013
14739
55044
9850
26971
7492
40589
17650
24516
61988
29093
4368
12266
20570
43425
21889
40780
12026
12214
3421
12098
52231
33387
16214
15438
44288
6681
57701
15974
43247
31873
15305
6527
61554
52341
10052
45464
37413
18421
9843
60017
2763
16236
54226
33907
28595
25514
11843
47242
10580
10752
20474
30920
58599
62210
28387
5011
14198
7881
57295
55907
63893
15394
56016
9651
10962
60156
52408
52389
54784
31919
3012
49302
58272
3771
32379
16700
2345
32613
32833
16151
63844
3566
45529
58934
31443
37216
35657
39653
9710
22122
21440
33835
56743
59111
51124
57579
52432
50446
22489
33072
53156
40441
29324
51178
13966
43532
6119
16326
8380
19778
38337
13255
17291
37188
63378
7905
49842
18681
62474
63860
18689
8617
33080
63931
30375
57177
32476
63534
21429
50387
29000
58079
9309
63048
24890
53262
63945
59342
23220
29464
20586
49897
49629
48370
25727
63627
30261
6825
27590
21242
39912
22623
12706
23788
25457
8596
18399
14
5242
53820
32471
27167
35681
36456
64087
39761
26021
59488
54742
10202
3310
26829
28416
29581
8346
31428
47841
49127
22122
8160
56141
57175
44856
64274
39880
45089
42125
22891
42414
46543
63069
12124
21683
54854
44968
4003
19736
24926
14110
32598
29002
33652
54140
8214
8120
23486
1625
54107
41826
11509
29082
57283
24442
24056
43151
4107
28229
45247
21259
10228
45951
17184
47199
58341
41872
13834
5527
54910
39071
11154
14240
17447
39142
41117
38417
38791
26249
31857
56877
62239
47473
21531
13116
60519
42725
48483
34998
52060
49946
10408
64766
11336
10641
12857
16761
63585
48087
47252
11014
58435
39989
39949
50093
44466
36550
24311
57039
8949
12993
10642
65086
64301
28082
46880
17831
29580
43260
64991
20664
7964
37521
27723
29751
24690
54952
49872
57420
1540
38237
52986
28580
62967
8370
39734
46428
65363
11323
44252
8453
20826
15433
3497
55609
50579
61401
17380
64937
56509
10560
62789
25482
50998
35548
22053
11292
25245
15653
9202
33853
22953
14391
54932
62686
35610
53487
56598
54551
19456
19363
26305
25334
46521
35944
41867
53518
61420
53518
26012
30091
44049
23376
27064
49869
32672
2272
39455
38217
37716
65197
30123
45106
27864
39037
17510
23129
30308
50252
32499
62929
23661
14909
3759
45509
14993
38442
40619
59614
6743
17476
26767
61168
3327
42558
46445
62937
18770
34087
7929
52514
20085
17386
31166
38863
49997
9211
27091
12447
39407
7097
45901
63465
39782
59292
47867
6830
49062
7625
36091
42085
296
9425
10712
17209
58698
19563
25195
44960
3864
56956
40404
40155
60842
55921
63587
940
54892
50483
65092
47504
10497
35330
62231
46097
30743
51165
60248
22923
10455
38275
35717
17309
46975
36326
48170
37885
32578
60876
31345
57114
22589
15725
1498
45106
40759
31668
32145
35605
36722
42160
3696
14009
49842
9507
4210
22430
50555
6366
51746
61109
45310
13971
39197
30836
41356
34627
2663
20281
62407
50449
8957
63974
15273
63463
58598
19426
31872
53459
49483
49501
43221
3753
22945
51798
16087
31839
20380
39753
35379
9620
37686
53238
17282
63605
14581
33721
36045
18341
30204
38339
25878
26443
26967
33269
174
41426
19773
42920
63229
54412
12419
8448
25807
20193
32541
9812
45324
21453
23120
54150
27678
35238
47912
23348
39346
49500
28365
32586
50751
28115
17089
32503
8750
62339
4124
17413
28144
59705
43514
42085
57062
44112
3225
38502
57772
56080
51592
6668
55704
28762
11709
21754
40047
8564
43903
58843
55163
17220
26727
11296
62752
56392
17389
54373
50703
4223
30582
21746
58646
1580
49686
15563
32497
63336
23244
59582
15183
26902
34175
32031
48103
53750
39554
16596
31260
7505
8307
16121
60468
47884
24327
44277
16373
49113
11952
9969
19759
31447
5262
9273
36907
54871
3206
15140
43399
52652
61767
51049
17953
30534
39111
43325
3133
54563
18076
17299
11741
23452
51132
22949
8474
2643
43365
32084
9462
26513
9684
31491
64233
62477
26269
28914
11359
29579
362
58174
2867
15279
49604
49219
35647
51014
19719
1087
63727
59089
18777
28523
33897
29327
56038
22778
7904
61108
42137
45945
10886
55130
21577
2292
63286
13110
52439
47385
8425
10661
61308
32152
19817
44915
53950
39218
5042
875
28191
38112
36039
47357
30589
55936
60902
16491
8611
57068
11401
38944
29256
8238
13357
12665
28748
37763
8949
29916
29573
16774
22118
50215
60108
46012
43202
6814
3460
46902
28701
21562
44533
60875
35578
45075
13913
49560
6646
36962
60300
53648
50696
27574
42070
9324
52655
38491
2460
34361
31823
43971
2300
59498
931
41517
14653
3378
44124
4638
30589
26419
58739
48897
36744
22212
35787
34192
3904
54287
40600
2832
45401
56831
13800
29687
63425
12877
36576
17118
34384
31970
48386
51123
24126
11703
40804
154
45300
25393
41769
64335
33300
56404
38919
16956
52216
31508
57080
49172
33013
39867
45988
24450
27250
706
44736
10619
7893
33308
17566
65438
24249
62042
57609
4126
30614
30079
4774
11067
46128
6265
45390
1323
16213
2490
32941
5492
17197
57948
11063
64798
46502
33449
33367
41898
32373
47164
20433
4569
367
15099
26860
5387
12303
44725
25185
18363
957
35263
11704
47347
23627
8249
22332
1863
59095
33390
43168
26223
28031
38977
23817
37922
1670
39317
7937
6790
31942
213
786
42387
58121
25383
33867
30696
61609
38574
27364
9781
38922
39420
56419
34263
44782
4232
15647
50948
36538
931
40073
14873
64528
49238
62046
49321
13786
19805
58409
62017
14955
46831
24611
11191
49016
42724
54066
47075
59029
65073
44748
15152
20068
45163
50084
63781
57127
57570
28216
59831
27506
7327
38518
36964
15195
64860
47980
64415
50241
4996
37797
57220
15256
49099
14787
19410
37296
12797
63032
22475
4234
15223
42283
61841
44815
24111
27604
26039
5612
1233
62097
299
45464
3529
35279
36721
42130
32655
44591
26218
9391
37871
31640
35561
59648
54987
16769
45914
25084
39727
36848
43617
29231
4448
55426
52869
30963
65163
60657
46057
47294
13717
6251
16809
58965
12592
27916
21964
31158
41589
54080
23526
30487
45938
40769
16242
21146
53384
36430
31735
32139
43308
52875
57219
11658
58129
62338
24018
48599
23523
15809
59100
14472
50308
34664
63306
36151
18446
14770
12026
48905
45734
62724
3851
37209
37032
49265
50984
45293
43095
15544
49367
63798
62416
59320
45786
31727
21076
64349
24867
7141
5114
5462
11886
60450
62378
37972
23009
42154
60590
26135
15264
43129
30859
51993
9197
19400
7266
15704
52341
20898
15273
57470
52244
48787
8062
29688
41962
16510
58711
50155
19550
23693
43836
43195
36252
33512
60497
49046
4297
15269
57403
34592
25045
17135
7581
3643
47356
63433
7620
29107
61904
58937
24114
11265
52120
45572
10729
42594
33430
51226
17102
55796
45521
32851
49035
9243
44699
45722
9490
57359
5535
57782
50003
4833
41775
19701
37228
18040
24637
32637
34775
12113
59300
44042
5728
20522
21970
14897
31016
13793
59203
59008
5394
65387
3590
45706
19789
64666
40493
44664
40888
23846
12765
7969
38985
48421
9996
43888
62922
29009
63992
58892
51792
62012
1695
45755
37949
22445
29631
44096
31875
10220
44442
58103
36164
58942
60557
49063
38740
42621
55651
59338
53974
55834
54218
20841
45701
35873
28460
25426
9054
20701
6556
49071
18020
36579
23433
60739
49704
43870
49895
27125
38217
52170
49780
25999
59458
35811
24574
18157
54269
8804
51707
42018
14353
57284
40597
53524
31015
12604
52462
11860
60464
35493
33608
32422
29106
42856
52862
19935
47207
47505
33314
3865
54346
28305
16229
48573
21451
30154
59477
12105
9508
37555
22083
36393
34557
46705
61885
31182
44102
16976
48649
50115
37754
24019
65065
59762
37427
32145
46681
25198
5546
43410
55423
22754
55727
1976
14222
14806
28775
38968
18438
4557
40737
25569
27783
64051
62458
15076
31825
48493
53790
56294
23596
34427
622
24089
31517
1903
18154
19392
5693
60015
28157
26006
58372
31342
60418
59125
62604
25299
25081
7061
35146
56566
50193
63922
23940
44046
50148
24835
12369
20938
14129
52364
54501
9259
31194
9270
53599
50916
61997
8895
6068
49493
42105
4415
18328
60786
62319
31999
41524
12292
62407
27139
41365
47774
21361
101
48952
28457
59296
51087
27191
38692
59516
37571
38022
42304
55043
45182
37090
51950
39690
32933
44760
22635
58895
4137
25184
14043
13713
57552
55064
7307
9055
398
56432
60484
24425
30002
48916
49841
52095
49636
33671
34108
51207
62585
53214
50157
42060
64632
2247
36776
55024
8285
13989
62855
52012
37355
8449
756
18333
47444
39103
25777
844
7655
56439
17960
34496
39881
4549
10788
27536
37520
52698
33552
9434
9384
54669
39513
25432
4901
7251
35876
28133
53207
34172
59271
28497
51802
2292
11820
901
41449
37463
21508
21895
2920
31744
53799
11664
7000
61848
11184
58736
12520
14767
9218
5853
39915
25502
20720
30683
54911
35514
31639
10973
26
55912
12561
34340
35131
29001
19767
16541
4431
24776
44006
23801
25776
13220
53215
26290
18308
60919
41156
62911
51629
28249
11352
50549
10408
12919
38054
51117
62006
55276
1232
45777
46774
16369
31022
16172
59981
46791
53198
9944
1396
47781
7129
3406
48184
11447
59917
29644
62562
15469
16530
16720
3683
42343
44795
40599
7160
65471
5335
26921
21
35772
42100
9910
41425
8253
39871
19137
18911
40905
9363
28580
17995
20481
27578
434
5369
26684
51884
49675
35837
20941
35906
1296
34629
24272
52484
11497
62163
64384
25051
62016
7528
52544
26525
64066
29669
50318
44266
59691
57190
56689
37224
33131
37219
62889
54881
42836
6882
25663
29928
34495
15976
47095
2048
36833
45624
14124
63006
59997
21631
47993
57190
23985
60455
49834
791
18335
89
26394
48704
9120
14031
50463
51929
43781
44301
9625
3729
33902
35368
45931
44508
24739
27953
25897
5894
59705
6498
45659
37542
43323
4261
52585
27054
32300
1043
55595
12703
23930
7463
36944
25256
21711
18040
5324
30183
11587
21643
22812
49427
30012
44566
14169
16988
19445
28140
55035
46847
35771
48734
44790
63330
24417
57921
56969
23497
23762
43718
3748
56519
30776
35694
41161
43090
12063
23076
65223
31019
6499
36831
43712
47541
39625
54615
19016
62775
19657
40018
34327
27310
28687
5846
19591
35130
49785
27437
23392
49179
54659
60498
47161
40197
22706
9559
3805
9956
34543
39106
56058
2110
19659
7659
12760
4179
42984
38079
39943
30115
56002
39485
3999
63531
41410
46378
7575
38366
51575
1774
30052
53316
57258
64892
49601
22803
27840
19181
9553
63377
16040
24503
18002
41625
36452
16502
39611
25364
39311
1572
40290
19822
45337
16388
15695
6017
47549
2441
59817
37453
38368
9415
28686
2860
23565
55654
33681
51425
54431
21179
6758
38357
60960
37998
52584
27539
19457
56751
39475
40636
61247
46764
26810
53210
8130
63697
26333
2662
60301
37839
31822
6627
52749
33840
55391
40987
25679
63470
64644
9302
59284
32933
54976
12663
45479
37084
38796
53471
48715
65178
26322
43376
30246
1525
10681
14459
41996
3927
58463
26145
47567
7624
14845
27204
28095
35160
5304
31593
55999
41058
52284
4890
483
58162
60055
30388
19057
49487
13805
13604
60327
3018
53194
19782
33044
64738
48259
6527
28220
17991
41798
4267
64129
44975
2892
11378
2901
48069
63581
19996
1170
38656
33754
35585
26106
7330
14570
22713
18268
54220
55703
37384
10746
41607
9522
52987
9955
58400
5852
56322
33674
10475
32820
24444
32986
4031
41751
5550
54839
44489
21403
43731
38880
53364
35534
63133
12962
47945
21319
48423
34001
49
7769
64426
50439
9111
15752
53932
64168
7169
22561
62248
65006
263
46704
1007
12004
49878
43187
30498
29483
60213
23967
15768
37593
23676
34918
21124
26822
43022
45005
36507
53763
62397
56550
19760
54464
15708
37781
27885
19244
50204
1445
20792
24138
20330
58106
64267
47237
25637
32096
28665
50784
47708
28915
15058
13841
44188
42305
37407
55023
45292
45739
44773
46870
59450
29506
8144
63698
12040
36608
11030
25173
61684
55146
51664
18494
50268
36176
49380
61501
65005
39344
38287
22631
51348
46897
46268
24858
43465
50725
61937
58761
4719
25527
585
56349
20480
9350
1319
50240
28198
35426
38229
48404
29991
13306
55807
26528
46463
30532
49113
37473
42974
25017
37009
20808
33248
27037
23538
6530
22272
26261
18560
37049
15255
18839
53437
16212
21986
1480
59730
60220
52298
37909
36671
26668
6049
18168
10708
33759
52037
14827
56921
41019
52271
57767
31038
37569
18327
4722
21471
38179
23524
43358
13809
49798
49710
45410
58123
49686
26191
9126
28493
8245
7881
5905
31086
55427
5632
61040
754
42610
22225
60621
32247
19562
8865
5289
10209
61239
22779
27147
60068
13818
13165
40220
40620
56612
37610
38391
47160
64177
27980
32439
65509
63774
28212
51847
7934
13581
47490
1607
10395
36986
63404
19657
13436
19168
33800
29224
30037
38007
6985
38200
43150
43457
60998
11759
50406
1421
37709
22481
14472
11884
63883
59088
15829
25962
14130
64674
11638
8163
30000
4790
4380
21895
47602
645
7790
51759
48724
12880
23137
24156
60186
1322
64385
39437
23773
2726
52066
9975
31027
25926
58988
13523
32218
10913
46871
10861
30172
27673
40383
8990
29291
25876
16141
35721
20054
14085
41615
5491
8746
64394
15545
63320
5355
11121
33278
3539
63083
21707
48495
41533
49969
62312
13788
3531
32357
3963
35980
52373
32411
37664
23080
4421
49623
13320
12592
45790
18637
31829
42905
51607
5135
32235
21633
39304
19630
28919
52248
18809
1923
49347
59830
28681
13326
34838
22176
13790
53599
55389
30896
8376
791
2674
21140
45932
19906
49552
49409
49560
52095
4747
50558
22149
19754
57400
43189
9844
10189
7509
64199
59633
22866
54544
28190
26539
2360
21921
43476
13935
24877
27310
1062
2665
38824
53137
53135
54246
13673
7870
11522
12685
48335
14294
37106
21925
17181
9265
58258
7855
1144
24185
58800
16712
14749
895
7868
47515
54448
59608
40692
43688
49010
8372
51031
39318
48797
48845
17205
12875
44960
16560
35186
56342
50564
30685
21010
37987
9344
46856
45171
23343
10563
28319
19063
19876
24710
5319
48387
9355
796
38304
58578
63067
6678
47517
38531
63962
18419
61690
22533
81
44089
39732
5262
61505
49649
51553
14965
19498
39007
20352
4582
22650
25910
48369
51996
35132
1536
2958
27952
44270
57987
46716
47224
42673
45409
29702
7316
9179
59283
33610
24552
2238
24785
63948
51610
1977
48634
60852
8418
8726
25815
17199
52281
20221
12677
40360
12857
14201
41240
7899
39687
41791
37780
13328
1173
49310
57459
14940
48478
5497
32509
62912
45622
53319
48277
52392
37237
18118
5987
55317
24408
7568
6839
28321
20071
24718
65030
39906
58660
6939
28079
57278
54137
56560
7714
63685
49922
10266
38662
38227
310
58355
52540
4305
43886
61279
37821
5903
60976
45692
3812
26991
11008
42552
56598
30773
39001
39272
60558
16904
52444
55749
33685
12170
4253
18824
23802
47110
4349
32954
43795
58198
12752
14448
41430
31451
9777
15456
16632
35793
58793
29846
45865
39801
46089
51526
29667
21170
25308
18174
43886
45905
56458
52750
41191
44210
30025
52695
64168
26759
14404
19873
17517
8339
18315
58030
679
7182
5348
26053
23647
63266
28847
20258
16762
35543
15417
22754
47838
39000
13346
44417
41108
50607
64655
60754
34297
62267
42218
63693
63419
18271
61076
22751
55567
11251
18293
476
1466
58195
34914
43753
53350
53767
28105
26984
21459
63441
15086
28583
35799
49188
6311
32379
55236
39150
18493
7234
45238
54755
65386
7551
11999
2568
17469
32844
16224
34068
57696
17189
23426
19014
8039
62346
30712
45480
14165
62183
24269
55814
4620
46064
55493
2564
39926
39238
41496
64076
52055
38608
44717
36549
56394
56004
44502
1346
55603
28899
18323
59619
42714
18738
19926
12523
22201
10131
36151
41255
20867
32264
42332
35950
46991
51804
26761
51395
5643
40862
24241
35293
39722
26233
36957
27650
33303
52061
15432
15839
41294
36977
60633
12062
54296
3754
44366
14611
27785
30112
57074
62873
18070
21468
37586
48472
26511
35990
55469
43998
14673
7578
60839
38325
14165
44163
27292
54965
1001
33813
46557
39842
42860
568
2200
8393
43645
12322
43631
10210
3849
53641
38441
7605
146
28193
36462
28272
11628
20185
37917
8985
10482
25483
63096
56352
15778
50067
54470
38549
60819
41548
48614
5608
22372
56450
36497
2225
3595
4902
12342
57915
55001
12866
60753
24107
3424
20518
16932
46875
55878
47936
12124
51345
51691
21964
15266
32545
405
39171
11932
27294
22590
25508
28939
50681
65459
57460
64014
3577
53372
15063
63668
29673
50095
53140
2233
11287
53238
21214
25839
14862
57527
26229
57771
46055
5566
58990
46903
31982
34710
7436
26342
30628
7113
23418
60819
46050
35871
5934
10456
43356
39242
7264
19339
36589
57456
35775
55975
5023
56724
21479
26683
50740
58652
3484
6186
15092
27333
13696
38838
2165
58256
29519
50514
38415
54117
24886
51816
30147
50964
46293
41528
22854
42589
2536
5564
53779
22193
12435
25789
61001
8747
44853
65058
5815
4293
5403
41008
23161
51842
47016
31123
39097
17121
41311
17976
29496
49837
20363
47544
65148
37674
14797
62709
51255
33225
36352
2991
63943
1537
43301
64880
988
23
6685
53650
17669
2637
14662
33729
49926
58544
46896
33687
56988
9585
1796
32588
30978
29043
33013
9057
54599
19624
45769
47911
52074
59395
65533
23843
20619
25495
27233
39459
12914
57462
12530
40897
37217
48994
41165
2641
39977
47046
42395
25443
52095
25402
13111
48451
31633
11459
13544
41916
14036
27039
25674
22537
33727
59078
25472
64794
7547
48761
7004
46921
27260
65029
33775
32895
3047
46074
8725
41710
15804
37945
4922
13479
23161
52536
65240
28617
11912
28354
31609
54611
5169
32161
2176
36698
8744
61009
21523
42329
7349
986
20177
29815
53201
20091
29514
47741
1842
10184
15081
20888
40322
7110
33027
64890
57590
26617
4600
58964
11026
61885
33767
16866
57538
33353
15052
24522
320
13656
33422
30992
46617
14974
46198
3752
51806
20158
44842
39140
38396
14088
3283
22180
34947
60339
4362
28900
42878
49823
7756
55113
59880
32690
52785
19227
64690
1141
64418
1089
26617
35181
54573
32698
25205
52810
53323
3764
51101
64007
48783
53579
15870
11648
19961
5686
1311
62836
43120
1841
8531
46229
13441
16105
62775
23065
34997
18917
32668
50904
53484
47665
32117
52371
9297
62476
46319
51883
1786
52027
56389
13212
61118
1554
25850
63813
29460
50808
41544
10031
47280
51740
36773
1753
48078
28811
7428
51914
10658
55864
62245
54200
61977
21935
31813
39615
1637
39291
12077
1453
37989
13983
49858
44938
13971
9405
45829
40969
25651
24118
31046
22366
9393
45554
41142
56662
9231
15425
12595
32467
18929
2206
20273
35330
9886
42555
39660
58639
47876
54239
46282
26571
40175
45327
49579
45299
20288
8462
17754
19263
55200
39323
54441
49910
14090
37530
40433
42435
7672
10185
40466
5735
38757
41032
59502
50050
42188
19244
3231
51625
2665
17163
17878
18423
7150
14548
8345
59559
6917
50396
13050
59064
50025
9803
52590
35579
2816
48463
55870
34494
41973
6127
20385
47521
31760
37883
55034
20081
255
28679
47692
13902
65511
37031
22305
9493
37380
63344
61668
34085
17305
41084
52272
43605
22441
29424
50255
24000
62424
51042
34101
57075
1862
31705
45937
38081
21940
6303
32302
2138
58889
4214
28659
30609
45731
19800
10086
4569
57271
34305
33082
54316
51791
47761
8077
44209
16034
314
55244
62069
30981
26370
55936
56825
31610
53972
39360
48954
12904
13207
8953
41843
28592
21206
32117
36750
43929
6659
63242
17348
27929
40687
47943
41209
30159
51486
36552
34727
15127
9535
58507
4574
35386
53839
17
65183
28353
17434
748
7893
30068
7068
57127
27997
22463
3699
8908
57541
12189
61141
62735
64954
17649
38610
65000
752
17716
25246
28998
21895
24818
2200
28833
36417
20934
19744
60504
26685
39773
24378
63388
23263
3273
40624
19884
42970
22677
48369
29392
2889
5483
5824
37455
10488
51424
5828
8512
4577
16092
47758
21053
22792
31189
21754
15026
52931
36299
7592
65423
19833
25654
61003
40390
55934
56881
5721
9937
14793
10199
48092
63373
13990
3891
32915
59347
43910
54909
57384
64407
27908
9302
4693
13000
31403
4081
54913
40483
12766
4090
21214
55115
15124
50156
19493
21810
17729
33527
10992
57656
46982
59028
29731
48386
13393
3331
39336
12451
7911
31572
60243
5268
52854
57229
43433
53321
32988
19001
33828
58228
45946
23859
43996
21642
27587
3122
5236
42175
23383
15601
7916
65291
47702
50701
52785
38175
49261
52713
52737
49409
45841
993
2444
57313
47959
62467
20811
47866
47007
57218
48546
38309
31832
4034
49269
268
14312
53856
55680
33312
42563
33845
19763
43132
34018
48864
32501
41239
55756
39244
41878
44495
9931
64635
59404
675
53752
53457
12331
43307
32561
33532
41190
50047
53041
36652
15619
6393
19065
9439
5736
15427
28522
9345
9864
45922
58518
20680
25366
23853
39083
35661
2400
13733
6146
50977
4839
25377
38817
8303
22647
62638
35684
46887
7060
24155
48027
3105
42807
37096
49865
60780
27736
24700
32098
27601
38755
21415
35186
21145
26706
29868
34702
38084
59436
62818
27025
37787
4852
44541
16806
36258
1769
4944
22339
50732
40195
54635
59778
53177
51626
1335
41207
23641
25915
7727
56482
13597
26639
12930
55861
43616
50144
7350
31096
25835
23567
50018
12397
12205
49512
42276
21804
7243
7738
24561
57130
62896
36735
19505
1735
3646
33562
39510
7731
44768
19486
995
60839
30554
23143
36989
879
63394
64477
53963
59176
37709
25750
57531
40154
30260
25182
31408
61606
39595
60249
6849
40830
46618
24347
38329
46979
38393
40427
1347
17725
35921
12507
11433
16321
5461
29417
13299
4079
8405
6713
25260
21302
58506
676
17937
46316
52701
51845
54003
47673
11807
9466
23329
21684
3089
6390
46557
3102
45729
20821
17519
1759
31247
8529
3485
38513
61735
29608
33356
41675
21710
23296
63195
53886
55740
3162
14002
1751
7653
21832
588
37671
53774
6092
32124
35976
51148
9327
11501
63613
3233
15962
51453
26110
43505
37193
27987
30578
17957
37719
41784
17296
43730
37135
18116
30544
57368
31518
25702
12089
22913
55685
22996
43757
22071
28049
51329
14369
32486
11995
43335
59026
4956
8596
32272
6647
55764
19340
55075
56115
42985
16427
20214
452
15640
45587
50477
50081
34530
53925
33227
54922
36184
1714
44542
58841
49075
11669
24125
17598
15005
37528
39137
4627
308
6139
65456
54091
10331
60999
26339
8092
49862
3166
9317
62897
46533
26878
34220
59863
32792
16671
24158
37257
14687
30705
34675
62597
16764
62931
61237
35564
21196
30785
15848
41037
53550
38731
43787
18244
43489
8952
56852
26621
23873
8844
64918
24988
17772
5719
31799
20661
9295
52503
21407
35225
40749
57600
22229
10369
47081
22927
43695
25789
61807
8785
60598
48597
35807
55224
11416
37324
8318
60055
11852
55177
7966
47788
4275
38750
48759
4525
8848
25078
60419
37810
17827
5064
21885
35776
55455
35242
56234
25476
31941
54803
17191
38349
26673
30996
32222
37925
54202
24510
59927
56538
53588
7583
6773
15049
16280
11977
45379
35318
57713
21668
3581
40272
57615
47408
24270
61995
47160
31587
63660
40730
42489
43519
40710
58048
34370
11270
45932
45785
6269
16753
6313
3254
12158
47240
60665
17812
2023
41987
42226
65035
47386
9948
14166
55644
9117
35169
62145
39496
1260
8796
9955
62682
39336
14165
42206
58636
53111
41087
47972
52391
29301
16246
23067
64402
53630
64892
20621
10845
16096
9177
64584
11939
43393
40950
14818
18871
64628
52660
42370
11722
41549
38532
5556
11149
5993
59697
59894
46713
24794
32275
3683
17868
20028
51260
9121
44029
15459
54344
17496
4006
1560
50426
37423
59592
12114
38739
7466
60784
27205
50266
14356
4315
42224
18424
43755
30689
3219
55831
62809
19305
39479
19976
22154
45063
56647
13398
49548
53545
41619
3516
2366
18788
4631
53106
34846
13827
25972
14110
64365
32254
35279
34666
59580
36282
8506
64004
18161
11725
1299
22561
40303
45307
16964
24288
15147
24890
23127
24600
32505
10744
10952
53769
48202
988
19254
64332
48749
44809
61694
9792
47168
11097
43387
14270
17188
58561
19988
10128
40743
53665
6420
26669
45767
42208
29654
27009
62333
60353
31950
6820
41042
15678
13437
23225
38056
11366
51857
62065
50312
15756
13605
40656
19253
47315
12805
52659
43497
31257
34024
42761
18022
21112
14906
39093
3235
46019
46596
19718
26401
24561
26463
35201
40380
39412
7782
26846
27722
44775
49965
33997
35667
28320
15009
6581
55295
19029
55684
50823
37411
47147
25473
59528
43791
32750
45612
58486
42112
36325
15373
64771
5721
31602
62812
48502
28523
14026
48387
14568
6007
64712
9248
11707
27550
50147
45221
2770
21280
63040
33648
10871
17986
17901
8789
34334
30979
13400
528
27183
1154
9738
35976
50547
25864
33492
2250
28249
26209
48181
60137
20236
30817
9591
51783
60929
588
35755
28707
53559
26185
13246
13053
29719
54732
63914
25592
53536
34542
26250
56945
55939
16089
36784
10150
56863
32925
48658
44069
42775
12125
11153
22533
37227
62381
2941
45980
14275
24866
34480
22917
46381
39858
28330
28644
12925
45563
52129
19206
37893
59243
44193
29660
64170
30414
41866
19457
39879
64532
15772
41425
57355
34629
36379
21001
2396
24752
29245
56267
33495
2876
65103
16442
4000
18615
29891
17423
23595
62200
19660
42397
61167
44638
29881
36459
36537
43673
31763
15328
23729
5739
26577
22037
7515
19999
7365
61593
51450
7983
62933
42866
21343
38781
7893
54002
12007
59009
61312
40727
15511
56819
41337
11981
11816
2210
5075
1185
60816
37855
3809
23866
54700
21900
98
6649
50214
2006
5048
38479
15590
8505
4516
12559
38627
63815
33087
3060
41890
8289
9506
55526
30658
30047
20574
6165
18927
63516
53588
1264
2242
52477
32910
2213
59593
12736
20035
2740
55966
33596
3873
62784
24938
46442
51294
37051
35504
54885
47857
15184
35952
39524
36230
1380
10210
57951
21119
37850
17229
44715
64006
23403
37319
9384
27038
13352
3391
35160
8925
17897
11565
41400
17524
43767
61133
29712
312
59159
19267
51887
61102
40551
49536
787
26570
20624
42675
20804
28478
20214
46766
44470
43039
39232
12926
24483
58951
5648
25691
51820
38355
53995
49842
18779
52935
63400
47143
46505
10682
53228
32208
22869
46498
35472
60849
33413
5589
28654
13602
33918
8497
6867
60942
58943
1882
4763
12232
17626
354
42246
41285
14259
9796
11919
46342
50402
16665
16169
52976
11377
31443
37012
14479
40869
38141
8417
11663
15929
45637
53246
2396
9675
28466
49529
23680
55873
57913
60699
56814
2856
53193
24900
42792
11163
54325
52108
44852
29579
21918
12512
41336
29319
47842
44035
4393
30268
14179
56147
37559
29464
20967
47989
22424
40469
39135
19936
59888
37121
60620
38471
63904
10575
37107
12068
21157
7398
7271
39157
45651
34758
61921
36276
56652
62279
45912
24049
36953
23638
56811
65082
50870
5487
6235
57649
40405
26273
39795
45243
21361
31839
41288
8299
64202
35322
1023
3732
26563
41282
11617
12555
30988
55173
30493
26394
10914
32939
48935
37059
18057
31222
51911
18756
16447
48330
17267
20446
8100
22711
62597
36729
40002
22152
15777
28506
6494
45021
17245
18954
26672
61769
3250
13832
26538
30936
5515
9950
54746
26478
46627
1179
44376
3506
50147
60784
1559
16354
8335
12926
24137
10687
31759
32835
63550
21567
6495
2409
39742
42994
13210
49058
31619
16463
64983
18959
20169
27175
31498
27889
52830
39150
32917
14004
13475
13966
1
64763
3933
28168
63560
5163
61200
16162
41295
21316
53462
56917
46924
31407
36307
40923
48266
49593
26580
55773
28311
45934
53766
49735
15597
3861
56580
54099
59024
354
36513
52210
29368
50173
37471
43073
10297
60150
29530
37905
21982
2826
23282
44174
4537
31789
42294
57549
58187
34540
21679
52386
40043
19945
17245
2390
56282
55745
2196
42629
61806
37724
5076
7158
24259
64466
33135
16113
17688
26124
16316
49084
20450
5139
35471
24778
24379
16851
40012
45936
24039
30371
64071
50199
40281
30151
43729
23112
17234
14185
34512
46891
535
44879
14632
55425
3246
39104
23118
14362
17175
8977
33316
10752
28917
13094
56559
38277
61322
5776
62704
41987
9167
56049
53077
27310
21009
19262
36859
24414
28775
59584
28926
778
23013
45899
1594
11627
24213
38801
8169
53129
45549
58458
35192
13977
10397
22489
22257
597
40519
21548
50735
41372
13445
46708
4501
21184
62452
6510
9840
29225
43209
47507
59962
56160
34503
19568
63145
54551
9143
39309
53567
62448
34548
51009
11408
64656
25288
57518
53465
27292
38549
15584
61637
17988
15267
5351
64095
4607
59132
34976
1805
35764
64926
27943
50703
12232
24102
1458
45051
21289
8085
22510
41348
50987
20928
62573
23378
55689
39026
41103
31554
34712
37317
43551
48356
36773
47618
13564
30184
17305
62599
17175
62459
29847
19307
37277
1557
49858
37948
32069
34631
25655
2534
51660
42412
15990
19519
32452
15584
32087
57119
2250
6093
2400
49758
19729
10615
43701
58164
7679
56188
42686
38282
38610
48328
62870
15424
64631
8427
49176
49428
23937
33758
41199
7763
15022
58958
6508
38545
35299
37100
51776
18484
24747
63791
4502
6168
52211
65487
3069
13596
60844
53167
17748
3202
28745
4162
10514
54236
7450
26477
25075
63236
42814
28154
61092
2275
11285
27107
40154
34686
52795
54826
60519
19288
21955
59501
41004
14305
60970
29484
24430
46688
30224
15968
39286
56391
56640
4199
47433
25663
5062
38755
39061
50951
59135
18366
21567
53499
58480
3553
17457
47036
16571
53801
33483
63956
2611
42524
22338
3879
22910
59443
56382
18052
38207
55758
9483
29887
49074
24961
18321
4226
16277
43770
41707
19770
34502
54337
26658
36067
61477
10133
58167
22353
53486
48329
33800
47790
57830
18191
38859
45707
10451
2045
35601
57239
64286
123
19504
19030
10443
47265
42908
53621
13644
31108
17820
3886
14593
46585
4248
60508
22628
35611
55779
13521
8355
57006
20916
11643
34891
18055
41226
38477
23590
34810
53394
61178
36605
12622
29117
46468
30700
19886
25722
46088
3114
36828
21388
17479
20820
56646
39394
43721
9386
49082
11021
17231
53076
53016
27339
37415
9007
42072
29234
34516
19566
29973
23481
36080
12164
34305
52112
17932
35484
37541
32153
6209
49261
49797
28560
15227
48338
48701
54469
63440
61024
12073
24597
20308
34073
39367
40114
16764
52742
59308
54494
33133
16956
40778
57808
61306
15992
46914
62435
24285
63126
60272
59659
64150
63207
61881
35653
36577
11732
37310
32618
3622
60667
918
6931
12723
13575
2452
7077
36377
33121
15603
54547
24214
32185
57267
20647
49717
27023
36522
13120
65449
44679
54355
8446
39442
18530
21126
12734
43303
18786
17283
13664
29107
16574
10493
31179
60332
38662
62815
53710
19414
22372
3065
38392
35063
60154
5073
8939
4871
36419
14875
60097
33690
33868
20797
53085
1821
10798
43462
20196
12947
5257
56815
4147
14566
50371
31145
36968
19604
32821
20704
1259
12712
1715
47875
60280
7680
51062
58059
42626
55353
43112
7152
64742
16257
37601
22943
28893
23047
51053
33362
37190
42931
48839
60938
40018
64597
37172
59884
41820
38920
24411
6515
19555
42184
65300
34953
63352
64613
22185
21874
28161
47081
27162
6433
22399
15054
25048
43180
5114
32024
26933
59079
12673
23614
64995
47324
58295
22704
54220
13512
25622
49642
63679
31064
49856
28423
50998
41249
53145
1169
14982
7625
16000
1377
55734
30164
49070
19262
47207
4197
61100
21902
65477
2921
33427
34126
16739
26039
18123
41601
44142
58223
36049
46083
62774
4358
63842
33801
44519
27557
47996
24251
12149
24336
7069
40584
58650
54075
64830
684
3976
64584
1742
21290
4042
57266
58676
48329
50134
53043
35410
29536
29277
33385
36207
52414
4230
43812
52722
53880
64721
58330
33908
7020
60119
18923
36133
34694
4746
7192
20338
30225
16849
12294
16733
50603
29577
27248
18602
18409
32864
50915
9811
42652
54766
13285
15773
57442
51358
53436
12824
2791
51437
50075
52289
34981
42754
12796
18700
28562
62697
16432
8440
6346
21589
60095
45832
19884
29558
63360
47318
47852
30180
2801
213
41645
49038
51823
44786
3284
64562
4393
7322
25930
45383
38076
3560
12619
37533
8532
52551
17305
6184
41485
37796
8262
8917
43057
30862
54500
21369
9792
64420
64950
31625
21025
52294
44084
17198
3671
7820
43360
37527
5961
9228
64308
26152
19996
29377
63290
19912
1066
6957
2269
63367
55472
39176
28794
34918
40644
52731
51921
59767
54376
29115
12658
4397
38794
16723
43538
50180
7689
48052
3787
51234
52615
38686
18015
53767
51641
26314
22477
3190
38537
51292
5989
29200
3636
14684
52703
51368
24851
52485
11178
8047
55362
52163
15731
57980
41655
35118
2038
53138
34340
22479
43999
31726
63381
42026
17129
34161
63611
34382
11878
30057
22716
9475
62819
42118
5178
5665
3189
21100
24956
2017
61079
51516
24844
32913
40758
22186
57335
24720
1719
15547
8003
63170
33606
29519
26722
44375
56062
61666
51500
63566
29017
60699
38915
36473
51197
54944
36254
20410
51997
31033
24736
30266
37770
35370
62737
6654
19568
54282
15838
14618
29669
21390
31009
34760
34572
61389
25919
27634
64094
15998
19712
3267
51065
29307
53357
9516
27891
62874
18626
46102
55971
44327
48409
45305
11582
48085
45200
53739
975
9851
52310
16910
10514
63211
29158
64275
13762
58527
32760
44644
31351
18815
29759
32177
25911
2445
54540
30250
1698
65354
42433
16707
37184
63921
53469
37114
17477
43938
37949
5380
26394
50441
38467
20357
43268
50925
62822
50258
4542
2665
4245
23816
17961
33740
52805
20123
3908
32187
27920
51678
14631
59021
59734
4165
26889
9103
46469
18612
20565
22836
9491
19324
40362
21190
24089
43195
26665
25374
61983
31098
45485
22341
56290
19322
34809
49467
6977
38423
37480
48673
46390
61706
1181
16179
52283
37951
23435
16985
7068
33986
14634
47293
6346
14290
6292
2764
29127
46285
48298
58120
7794
11813
64471
19575
33201
16000
60946
22058
45451
38307
14884
55332
36547
47220
28253
51372
45854
45387
21341
63750
24748
62589
50407
34123
51479
20983
33479
40644
19812
13539
42807
41611
41797
11544
43690
63533
32067
60500
3395
52922
45507
12800
18510
60337
59789
40380
38953
60234
40821
22683
41837
13173
23409
10729
20860
26840
2375
4496
17723
64868
682
6580
36607
44411
39078
64436
30918
35086
59652
60943
32183
32532
21245
580
29826
35245
10189
53839
38408
22593
33699
45921
48130
24293
980
16672
41769
17274
40770
10709
64043
50611
42900
33812
9636
48538
19887
33516
63307
4648
4550
49007
9407
34359
11401
6739
11415
64555
16352
10307
49746
15758
27882
32902
57012
821
22512
2230
38766
14861
20441
43948
7929
17808
21440
13906
4736
18733
46729
39433
23190
64823
25713
49462
11731
54996
50003
57029
56629
18918
12349
408
27064
16677
49540
24000
39318
57000
47267
4212
26253
337
52273
50332
34469
63408
42231
59089
16449
32747
15367
44691
55891
48966
19848
7299
11980
10290
44160
8002
15290
60557
24219
24591
12242
50990
32018
39289
58925
59374
31692
20781
23318
11138
45811
3585
46454
36263
19095
17546
33806
51421
11813
46726
64213
13347
13624
55768
7914
38481
39854
16851
40924
53585
23207
21947
54551
37219
28743
29656
31036
43484
12633
22335
47134
18260
10314
23504
39859
7075
54531
64517
7444
29730
17732
53574
57913
59443
2414
59602
47334
3804
10493
46088
40841
32032
15352
29195
40141
32464
53977
47462
4389
22061
4117
33461
4268
54411
16041
60740
33104
24957
60530
404
61493
2430
36832
11997
58253
60066
10174
52056
18930
48005
60408
33997
17542
27115
55121
35148
30415
57422
20922
21153
47774
5891
47926
18623
26919
6037
32527
4026
35266
58566
43826
53218
22127
10149
34794
12370
51689
12588
18425
43639
31373
29975
9376
12937
20503
10368
15282
14663
46884
42007
61387
9276
39454
5773
49622
48740
51836
19009
23867
24661
65315
10735
31167
10827
61970
28577
59861
42260
31387
5715
4883
64428
31854
21380
50288
48453
25741
49461
2855
27070
62782
44720
33588
31622
27508
19954
36289
23603
42316
8141
11211
49967
16389
12585
56469
65145
28823
51740
54871
13225
11410
665
7978
62600
14684
45255
30341
11936
46251
2140
22657
3466
26165
56498
22477
49210
824
11236
31492
54245
218
5868
7698
48884
13962
9492
52558
45622
28791
17789
14959
54479
8444
12841
34999
14695
52476
3773
55059
33965
63986
47035
62168
28937
59111
24841
54665
45134
7262
21442
9314
37589
12864
27179
39970
60959
28288
6019
11623
41187
43994
61023
1595
48942
45091
44147
1753
31385
63504
10118
38792
52193
16018
64444
57696
60031
47677
46363
46235
11400
17867
29948
24035
59868
52080
39499
21491
18879
25319
52750
2541
15926
63956
41188
13324
49920
49360
26880
5424
39986
23285
42609
45474
51677
34574
29444
27978
62434
17770
13714
20098
40226
33386
11584
65089
36754
60720
975
36044
23915
30286
64543
40284
60609
62897
58619
42830
49133
19690
10182
32821
12733
53431
64026
48162
43086
32057
28434
17216
56962
31862
50063
1876
27847
54328
33240
21597
45879
33205
48746
22595
30475
17395
11962
8656
20071
46536
44644
1361
57650
38889
31942
40215
14191
55667
11715
37252
14363
3635
43373
36711
43022
51670
31706
35930
10238
17387
42739
28041
7880
12932
38571
43106
54511
12313
12026
34287
15991
41745
10553
62510
44650
26237
120
9086
29102
56949
7419
12966
6367
2863
11428
61789
48204
49877
58965
36679
2017
12801
11983
37883
42669
39450
34522
58539
52334
50079
58429
43927
58528
45778
61829
57018
32892
24397
51373
12569
38853
1831
58270
50591
33269
285
15526
33766
17187
60675
44294
37507
58888
5664
55420
19932
28392
63944
60012
1956
61677
28931
30857
17462
14379
39351
5488
7462
3733
47782
38680
58398
17392
18392
44810
2577
31757
47203
3337
17677
41930
42986
8416
34581
1578
16340
21969
53695
12176
40509
32094
11327
43391
13301
35258
2273
16832
31061
56277
60813
6067
33482
36642
32401
1140
29312
29369
1547
33420
9192
51172
31171
33134
62353
39269
52820
32334
34520
7804
63970
41220
904
49357
52
12726
35839
42228
12785
